<|"prc" -> 0.0125
 0.00036966260941530325
 0.0000844443950485738
 0.037500000000000006
 0.0005794334015816006
 0.00008639771629022037
 0.0625
 0.0008798248607315274
 0.00008703671134252695
 0.08750000000000001
 0.0008161325773771431
 0.00008490376630943241
 0.1125
 0.001042641782652584
 0.00008594942462611861
 0.1375
 0.0010609566312298924
 0.00008890794364046729
 0.16250000000000003
 0.0007800544096137475
 0.00008709022791975145
 0.18750000000000003
 0.0010871587389414833
 0.00008429590847186554
 0.21250000000000002
 0.001192702821399342
 0.0000860483279379104
 0.23750000000000002
 0.001013803381018805
 0.00008618087770396581
 0.2625
 0.0010994627497145672
 0.00008739307688063807
 0.28750000000000003
 0.0009023036877875313
 0.00008512378101423236
 0.31250000000000006
 0.0010894484103999612
 0.00008657377661126797
 0.3375
 0.00104188091593677
 0.00008682038373031612
 0.36250000000000004
 0.00104771622111037
 0.00008753125109922527
 0.3875
 0.0007358960408969034
 0.00008807650353614866
 0.41250000000000003
 0.0009229656289020363
 0.00008829900926774738
 0.43750000000000006
 0.0011219836172580615
 0.00008676181130402462
 0.4625
 0.0009458315094010251
 0.00008985540294577972
 0.48750000000000004
 0.0011722300590842267
 0.00008558559406529175
 0.5125
 0.0011184523020782273
 0.00008446524811193318
 0.5375
 0.0010532165185164232
 0.00008643494841370803
 0.5625
 0.0011217187876933384
 0.00008713400156834276
 0.5875
 0.00100186404158121
 0.00008548322550863485
 0.6125
 0.0007825667931832896
 0.00008744994316528237
 0.6375
 0.0010495939820071639
 0.00008634073397369041
 0.6625
 0.0009267663040806198
 0.00008785577395875592
 0.6875
 0.0008227445619589327
 0.0000879487498586764
 0.7125
 0.0009445725226264249
 0.00008630461247048704
 0.7375
 0.0007198688029577787
 0.00008786853274536187
 0.7625
 0.0008763407040157246
 0.00008569054408641678
 0.7875
 0.0008825190030474773
 0.00008656180748977887
 0.8125
 0.0007153216319509786
 0.00008764383141139532
 0.8375
 0.000843050088660213
 0.00008817793330391137
 0.8625
 0.0006530718316691994
 0.00008717900852081501
 0.8875
 0.0009705893648031362
 0.00008763545455683229
 0.9125
 0.0010535948039210115
 0.00008906615427166469
 0.9375
 0.0012299314602634975
 0.00009045627923119434
 0.9625
 0.0008700283870295277
 0.00009221184427805006
 0.9875
 -0.0000882029145721053
 0.00008656224728266726
 "rSquared" -> 0.6888840564905013
 "meanISI" -> 0.029756155902793437
 "meanZ" -> 0.0009112424757981236|>