0.0125
 0.037500000000000006
 0.0625
 0.08750000000000001
 0.1125
 0.1375
 0.16250000000000003
 0.18750000000000003
 0.21250000000000002
 0.23750000000000002
 0.2625
 0.28750000000000003
 0.31250000000000006
 0.3375
 0.36250000000000004
 0.3875
 0.41250000000000003
 0.43750000000000006
 0.4625
 0.48750000000000004
 0.5125
 0.5375
 0.5625
 0.5875
 0.6125
 0.6375
 0.6625
 0.6875
 0.7125
 0.7375
 0.7625
 0.7875
 0.8125
 0.8375
 0.8625
 0.8875
 0.9125
 0.9375
 0.9625
 0.9875
 0.00012658855974958023
 -0.000040390250118891
 0.0002409268417283301
 0.00018158913088383267
 0.0004370394594995871
 0.0003160571866995573
 0.000312387314587083
 0.0005385637014956322
 0.0005091199870178629
 0.000539117680544583
 0.0006922151514666213
 0.0006835270447070108
 0.0005779115905977481
 0.0006843545161056315
 0.0005404802445408435
 0.0006670457064470406
 0.0006300269756754935
 0.0007221455233729876
 0.0005613255740402172
 0.0008206805485805257
 0.0007203874678523944
 0.0006149593989948837
 0.0008168085931400345
 0.0006961972049888744
 0.0008533010387359013
 0.0007562466807646326
 0.0008446596104006472
 0.0005919445308825376
 0.0008406845295544593
 0.0010150171710960167
 0.0006320087816770115
 0.001077787350652306
 0.0008333913775368953
 0.000965376245307448
 0.0009910558051575383
 0.001046323623797958
 0.0010133193944966818
 0.0013486620364937534
 0.0012505063076549221
 0.00011944705939676605
 0.00009844122464233891
 0.00009777876816050904
 0.00009677751506858727
 0.00010081335535123494
 0.00009755467021870292
 0.00009974729878316267
 0.00009971638442937476
 0.00009991457342059254
 0.00009751700836613192
 0.00009638741115984673
 0.00009866885640663997
 0.00009960367860364974
 0.00009376343635153684
 0.00009836229453575255
 0.00009809244340647805
 0.00009673333893626973
 0.00009504804824666465
 0.00009615640490945448
 0.00009654796229326342
 0.00010186025904455876
 0.00009687494276816628
 0.00009817555266643959
 0.00009585332186012878
 0.00010105459109071378
 0.00009881923168208486
 0.0000962397960626753
 0.00009558433123064304
 0.00009864738406363678
 0.0000953255255486553
 0.00009825078210359111
 0.00009719952184827433
 0.00009696358803510557
 0.00009843213775074738
 0.00009873792364941716
 0.00009979827241414636
 0.00010083733093085437
 0.00010193080955304039
 0.00009806556938458685
 0.00010633963985174407
 0.00010667920109254327
 0.6688779828351699
 0.03278438034362044