0.0125
 0.037500000000000006
 0.0625
 0.08750000000000001
 0.1125
 0.1375
 0.16250000000000003
 0.18750000000000003
 0.21250000000000002
 0.23750000000000002
 0.2625
 0.28750000000000003
 0.31250000000000006
 0.3375
 0.36250000000000004
 0.3875
 0.41250000000000003
 0.43750000000000006
 0.4625
 0.48750000000000004
 0.5125
 0.5375
 0.5625
 0.5875
 0.6125
 0.6375
 0.6625
 0.6875
 0.7125
 0.7375
 0.7625
 0.7875
 0.8125
 0.8375
 0.8625
 0.8875
 0.9125
 0.9375
 0.9625
 0.9875
 0.0002535908744450957
 0.0003718325824301657
 0.0006051062193310492
 0.0006003847566764202
 0.0007965559195299199
 0.0008134364626669831
 0.0008304680708295205
 0.0008529220604853847
 0.000827874009377733
 0.0009106951749122502
 0.0008355936088355625
 0.0008781775808080237
 0.0008976429494041304
 0.0009500592006420729
 0.0009278582162931931
 0.0010528372872209773
 0.0008403988634118197
 0.00108647882239017
 0.0011141390765525238
 0.0010313206753502922
 0.0009754403146342342
 0.0009764516181087065
 0.0010165580368949156
 0.0010533410063100347
 0.0011324266724206603
 0.0010253233148847447
 0.0011497516857100747
 0.0009237653043204185
 0.000982121345858894
 0.0010426063385470712
 0.0010611931300967708
 0.0009660575076587398
 0.0009228648677902653
 0.0010026412116782007
 0.000982156012809787
 0.0012862730214742632
 0.0020977458948191544
 0.003211201017758251
 0.0012083778687373415
 -0.0008367948387214292
 0.00006090557302094697
 0.00006157375444103342
 0.00006177981904474269
 0.0000622407005226883
 0.00006212139724195206
 0.00006180159046442268
 0.00006235124240675583
 0.00006223051284726008
 0.00006204867417585571
 0.00006268851017860267
 0.00006231545146293576
 0.00006221731270542109
 0.00006213548954744729
 0.00006199412625599999
 0.00006220370319689213
 0.00006228810612653716
 0.00006175240018269376
 0.0000617307688377766
 0.00006208896582140136
 0.0000622479070119755
 0.00006200703781323885
 0.0000620048061994722
 0.00006191265420927299
 0.0000615526297580406
 0.00006211561082093475
 0.00006271260262085504
 0.0000626875122517256
 0.00006158240392906991
 0.00006288081656981332
 0.00006209709128733244
 0.00006224079264540198
 0.00006259886898875705
 0.00006302274519622047
 0.0000641939737426825
 0.0000643706951886029
 0.00006511473212655955
 0.000064472496734372
 0.00006630781977018262
 0.00007242089025847535
 0.00005989915005713743
 0.538343102934177
 0.022910722530856423