0.0125
 0.037500000000000006
 0.0625
 0.08750000000000001
 0.1125
 0.1375
 0.16250000000000003
 0.18750000000000003
 0.21250000000000002
 0.23750000000000002
 0.2625
 0.28750000000000003
 0.31250000000000006
 0.3375
 0.36250000000000004
 0.3875
 0.41250000000000003
 0.43750000000000006
 0.4625
 0.48750000000000004
 0.5125
 0.5375
 0.5625
 0.5875
 0.6125
 0.6375
 0.6625
 0.6875
 0.7125
 0.7375
 0.7625
 0.7875
 0.8125
 0.8375
 0.8625
 0.8875
 0.9125
 0.9375
 0.9625
 0.9875
 0.00004424360182110072
 0.00033564725006761327
 0.00028240872098856334
 0.0004373721969749255
 0.0005278769013903183
 0.00046269653960831454
 0.000524435815722295
 0.0006177890008426339
 0.0006773339747412507
 0.0007054990499364
 0.000668672042785872
 0.0007216115382219311
 0.0007398698522632369
 0.000682292107600228
 0.0007014130043994752
 0.0008069442752756326
 0.0008245757590593279
 0.0007561656224839961
 0.0008969587726013939
 0.0009253060249301817
 0.0009244461128550501
 0.0010253229144685377
 0.0008611927128063532
 0.0009601438881148785
 0.0009691162061551505
 0.0009450854146911033
 0.0009944008455258111
 0.0010385681957083312
 0.0010659039776090833
 0.00102577234183004
 0.0011129461290983115
 0.0010770426387663827
 0.0011851036936788668
 0.0012391798558544435
 0.0014099201077613869
 0.0014790777740363516
 0.001921773871532922
 0.0023371305901721904
 0.0018678883360582702
 -0.00029262503865085793
 0.000055075845673189865
 0.00005639033447665514
 0.000056950036893539095
 0.000057096453335414784
 0.000055841750520763806
 0.00005637610255478197
 0.000056374466225065715
 0.00005646316238769923
 0.000055950192755297744
 0.00005604166132079448
 0.00005631177372269613
 0.000056616460153458924
 0.000055656779861699975
 0.00005555493932552172
 0.000055730878869111
 0.00005659296878731028
 0.00005639216922200258
 0.00005610343687050714
 0.000055972444845930476
 0.00005661243355649442
 0.00005600731776929071
 0.00005639936650267094
 0.00005673683206035943
 0.000056567880360349726
 0.000056253134336975434
 0.00005610090596518288
 0.00005646873146731
 0.00005615096587570606
 0.00005654614714896899
 0.00005626029470978344
 0.000056052827432057385
 0.00005643950689078596
 0.000056639071789422576
 0.000057874835497499095
 0.00005787795824765757
 0.00005878764856515684
 0.00005904624339211351
 0.000060542036130034285
 0.00006760139586008544
 0.00005593608253920743
 0.652707054825591
 0.02430619575882875