0.0125
 0.037500000000000006
 0.0625
 0.08750000000000001
 0.1125
 0.1375
 0.16250000000000003
 0.18750000000000003
 0.21250000000000002
 0.23750000000000002
 0.2625
 0.28750000000000003
 0.31250000000000006
 0.3375
 0.36250000000000004
 0.3875
 0.41250000000000003
 0.43750000000000006
 0.4625
 0.48750000000000004
 0.5125
 0.5375
 0.5625
 0.5875
 0.6125
 0.6375
 0.6625
 0.6875
 0.7125
 0.7375
 0.7625
 0.7875
 0.8125
 0.8375
 0.8625
 0.8875
 0.9125
 0.9375
 0.9625
 0.9875
 0.00029971082042265
 0.0004514886655469042
 0.00060382926430823
 0.0006367502499500336
 0.0006471981063360299
 0.0006909649725505893
 0.0007018688053878221
 0.0007926271857682997
 0.0008130010952598364
 0.000769495069858891
 0.0007353699207460641
 0.0008647318613008045
 0.0009281039171633166
 0.0008332397120112212
 0.0009746676715501917
 0.000921238290002272
 0.0008446155580127208
 0.0009147601608439943
 0.0010386621825129634
 0.0009897278932005562
 0.0009838683961387628
 0.001012506720697079
 0.0009843406819828114
 0.0009319895580355724
 0.0010364341983400678
 0.0010509516546466674
 0.0009354618609457044
 0.0009215795458354831
 0.0010065142154821356
 0.0009950279908436939
 0.0009667791681741816
 0.0010116105335737438
 0.0009504414260617369
 0.0009257970445663404
 0.0007864124256249111
 0.000838633786055734
 0.0008810698728594324
 0.0009218308330324948
 0.0009397454629187436
 -0.00008867681484252191
 0.000056844339282083277
 0.00005816449863408736
 0.00005862830021512682
 0.00005811788127329445
 0.00005809063272198339
 0.00005858552820590852
 0.0000581885328933009
 0.00005871148403724977
 0.00005782463299943565
 0.000058670660441655614
 0.00005890837952456113
 0.000058079359657463456
 0.000058324249757877316
 0.00005760323081943387
 0.000058126271007618086
 0.000059210914790628255
 0.00005871612870889091
 0.000058332949642230456
 0.000058461760488004426
 0.00005904831937303582
 0.00005796428480284152
 0.00005748751388517548
 0.00005912053014973907
 0.00005722944210725014
 0.000058357505031318534
 0.00005857543092801271
 0.00005803560114012081
 0.00005813934476627063
 0.0000589758022192837
 0.00005749751814846519
 0.000058987538105071775
 0.000057835101324994474
 0.000058379083567491324
 0.0000576178283030954
 0.00005987686131375113
 0.00005963347457759744
 0.00005966609697884319
 0.00006043133899721104
 0.0000619868342914712
 0.00006304711649097379
 0.6319566317251186
 0.06732007623903326