<|"prc" -> 0.0125
 0.00013265093005743618
 0.00006820360390224577
 0.037500000000000006
 0.0005200781703384169
 0.00006984477319440774
 0.0625
 0.0006081913964425884
 0.00006938403739983584
 0.08750000000000001
 0.000678530474626096
 0.00007028168503800932
 0.1125
 0.0005549597687658135
 0.00006972875708055123
 0.1375
 0.0005744197196489697
 0.00006916041631497209
 0.16250000000000003
 0.0005746884119236398
 0.00006798417185165735
 0.18750000000000003
 0.000544780650365227
 0.00006836787271123376
 0.21250000000000002
 0.0008190677145823105
 0.00006888144323431841
 0.23750000000000002
 0.0006031610461094876
 0.00006866189665971809
 0.2625
 0.0007459548823760829
 0.00007043157207400269
 0.28750000000000003
 0.0007204196349281088
 0.00006741672623312854
 0.31250000000000006
 0.0007270612604813779
 0.00006933459470540775
 0.3375
 0.0005382541209561326
 0.00007049997723875921
 0.36250000000000004
 0.0007239046404738411
 0.00006933010561033928
 0.3875
 0.0006587173926239337
 0.00006900062252251753
 0.41250000000000003
 0.0007012411959336424
 0.00006818067898940851
 0.43750000000000006
 0.0005315800766061617
 0.00006914844213836079
 0.4625
 0.0005829664083792113
 0.00006856672806942598
 0.48750000000000004
 0.0004983615492344224
 0.00006874123135947151
 0.5125
 0.0004801686245625246
 0.00006885984440317477
 0.5375
 0.0004960108743489662
 0.0000694934732776654
 0.5625
 0.0005791524153805681
 0.00006903624258667803
 0.5875
 0.0006392652360633904
 0.0000688418965909698
 0.6125
 0.00044601016848798083
 0.00007093230073172302
 0.6375
 0.0005539720860968642
 0.00006956025038699009
 0.6625
 0.0005321841388780655
 0.00007008029731799769
 0.6875
 0.0004158611837207378
 0.00006991015903112717
 0.7125
 0.00048716942173106817
 0.00006813186632752629
 0.7375
 0.00046980054425840834
 0.00007019180619549555
 0.7625
 0.000565497117593962
 0.00006894632246244463
 0.7875
 0.0003967535206241678
 0.00006953034047465435
 0.8125
 0.0006312739001111833
 0.000070037778952857
 0.8375
 0.0006031890013022563
 0.00007053421876104603
 0.8625
 0.0008249078018173048
 0.00007247956238424602
 0.8875
 0.0008354908226632025
 0.00006972872923829934
 0.9125
 0.0011455768832063036
 0.000069926565206144
 0.9375
 0.0012098397477716537
 0.00007384577186572926
 0.9625
 0.0008697588794744002
 0.00007205877007328524
 0.9875
 -2.163718458458764e-6
 0.00006796847135295929
 "rSquared" -> 0.5550022622415932
 "meanISI" -> 0.03752049180577582
 "meanZ" -> 0.0006054677023621861|>