<|"prc" -> 0.0125
 0.00022834729854967552
 0.00005902930782495817
 0.037500000000000006
 0.00037711217152417245
 0.000058552148105885437
 0.0625
 0.0004774295300959132
 0.000059256612622251203
 0.08750000000000001
 0.0005659868929600038
 0.00006014984658104056
 0.1125
 0.0005963123559557376
 0.00005922589929204194
 0.1375
 0.0006257072618310523
 0.00005923597000794081
 0.16250000000000003
 0.000510129593622023
 0.00006028812677292844
 0.18750000000000003
 0.0007838645303925617
 0.00005909620697452488
 0.21250000000000002
 0.0006424617467369144
 0.00005879018300281869
 0.23750000000000002
 0.0007394554135214859
 0.000059997753639744695
 0.2625
 0.0007008598586891484
 0.000058706094930452445
 0.28750000000000003
 0.0007218834633488283
 0.000058390384107093146
 0.31250000000000006
 0.0007367368423099534
 0.00005972331886995697
 0.3375
 0.0007433517995690961
 0.00005753572516265221
 0.36250000000000004
 0.0008174810370699488
 0.0000588411992806295
 0.3875
 0.0009939847220748602
 0.00005955390182341413
 0.41250000000000003
 0.0008871357883146833
 0.00006038784268185395
 0.43750000000000006
 0.000938784057399822
 0.00005937663936716568
 0.4625
 0.001004646955127292
 0.0000593273825024318
 0.48750000000000004
 0.0008104572194331239
 0.00005938809357879629
 0.5125
 0.00099439023969618
 0.00005949662123029863
 0.5375
 0.0008212950357666165
 0.00005991518978585507
 0.5625
 0.000867539186820348
 0.00006050106834794057
 0.5875
 0.0010653599561809503
 0.00005908103792705528
 0.6125
 0.0010147167756212232
 0.00005925017549903891
 0.6375
 0.0009927553877917944
 0.00005899961571751782
 0.6625
 0.0008671420759249678
 0.00005957363386349433
 0.6875
 0.0008923971912693497
 0.00005897608562722054
 0.7125
 0.0008990443016171262
 0.000058926418786155335
 0.7375
 0.0007932200821957904
 0.0000590262018048702
 0.7625
 0.000864625723219193
 0.00006068707160048566
 0.7875
 0.0008865018505058327
 0.000060271687538779415
 0.8125
 0.0009047646750383234
 0.00005929867139156021
 0.8375
 0.0006465642277661738
 0.00005962381822685894
 0.8625
 0.0008216131906775434
 0.000059499797708976505
 0.8875
 0.0007770469861394101
 0.0000599381720212764
 0.9125
 0.0005827409928149518
 0.000060244989262961406
 0.9375
 0.0007048145474663933
 0.00006126816791046783
 0.9625
 0.0009121771982426633
 0.00006167194775364715
 0.9875
 0.00005805073550059274
 0.0000639603605197615
 "rSquared" -> 0.6243397841511487
 "meanISI" -> 0.05605623811488855
 "meanZ" -> 0.0007567222224695426|>