0.0125
 0.037500000000000006
 0.0625
 0.08750000000000001
 0.1125
 0.1375
 0.16250000000000003
 0.18750000000000003
 0.21250000000000002
 0.23750000000000002
 0.2625
 0.28750000000000003
 0.31250000000000006
 0.3375
 0.36250000000000004
 0.3875
 0.41250000000000003
 0.43750000000000006
 0.4625
 0.48750000000000004
 0.5125
 0.5375
 0.5625
 0.5875
 0.6125
 0.6375
 0.6625
 0.6875
 0.7125
 0.7375
 0.7625
 0.7875
 0.8125
 0.8375
 0.8625
 0.8875
 0.9125
 0.9375
 0.9625
 0.9875
 -5.226651737810909e-7
 0.00027933445294181373
 0.00025181928811184576
 0.000404359597650915
 0.00034033528167917785
 0.00032979516241600954
 0.0003210064638425385
 0.0002614595456678256
 0.0002321418174133067
 0.00037726525982651247
 0.00047466358229310523
 0.0003817613017289841
 0.0005174172067511098
 0.00039161623516314646
 0.00044216114815756846
 0.0004120943466190087
 0.00039184393427782195
 0.0004988821846631888
 0.0004703740823568716
 0.0005863834769473841
 0.0004943017815130941
 0.000510597978805029
 0.0005910463639422537
 0.0006098720733970891
 0.0005114978241196537
 0.00036504170348058013
 0.0004610813980427273
 0.0005017215322006555
 0.0005718132389315974
 0.00046376340810248086
 0.0005193950036629615
 0.00035655606361315837
 0.0005978348595523128
 0.0005821379753631102
 0.000698071946129115
 0.0004903950564690132
 0.0004216844927531526
 0.0008290046742797665
 0.0014883880540034625
 0.00037466268575139225
 0.00007706547437518897
 0.0000761203985844207
 0.00007676435068347495
 0.00007672810471549302
 0.0000762239040396515
 0.00007618769849091687
 0.00007670073720256263
 0.00007635978937259411
 0.00007651199824258515
 0.00007769600061400754
 0.00007684755118245399
 0.00007430161168481918
 0.00007711325772201106
 0.00007612895227769492
 0.00007887668933633391
 0.00007748817453589931
 0.00007764221659637709
 0.00007587538625377879
 0.00007549501814852994
 0.00007536706245399068
 0.00007552480221779152
 0.00007689278092818407
 0.00007483131767172061
 0.00007648901038109958
 0.00007746005469585302
 0.0000757151023703742
 0.00007837971779424921
 0.00007628324132778496
 0.00007910218154045062
 0.0000767591862830671
 0.00007774124816563228
 0.00007858461192281386
 0.00007841000728281594
 0.00007861187872989134
 0.00007875845707264494
 0.00008001870554812728
 0.00008044540045588641
 0.00008231278146658733
 0.00008919134726815933
 0.00008662539122468857
 0.45125282486943985
 0.05657009003433392