<|"prc" -> 0.0125
 -0.000040645412805097276
 0.00008616483877410814
 0.037500000000000006
 0.0005227590359440166
 0.00008981053840782967
 0.0625
 0.00025936566990892803
 0.00008716787193893443
 0.08750000000000001
 0.0005497224012056638
 0.0000899780029781311
 0.1125
 0.0006277213965050788
 0.0000884893814170091
 0.1375
 0.0005802164856765678
 0.00008827808646694016
 0.16250000000000003
 0.0007147509629032169
 0.00008883876949059751
 0.18750000000000003
 0.0007366071690116158
 0.00008929864711153646
 0.21250000000000002
 0.000580236293023071
 0.00008561973365177234
 0.23750000000000002
 0.000694071688673204
 0.00008849516022172288
 0.2625
 0.0006566593722027076
 0.0000851527440392724
 0.28750000000000003
 0.0008440373311721477
 0.00008619334838947836
 0.31250000000000006
 0.00058251174589502
 0.00008859292591213785
 0.3375
 0.0008162005216892285
 0.00008680521337094597
 0.36250000000000004
 0.0006880258068351503
 0.00008769953296868755
 0.3875
 0.0007129179493945795
 0.000088053599790818
 0.41250000000000003
 0.0008010707390967187
 0.00008744210335177928
 0.43750000000000006
 0.000885546532996873
 0.00008866228780736148
 0.4625
 0.0008379709180856543
 0.00008756568803810195
 0.48750000000000004
 0.0008019185171466233
 0.0000877512013591317
 0.5125
 0.0010646441601308238
 0.00008788798440166651
 0.5375
 0.0009604784122030089
 0.00008795158016052877
 0.5625
 0.0008765813757211486
 0.0000885496855175567
 0.5875
 0.0010984731345229407
 0.0000861375938221981
 0.6125
 0.0010227792588993056
 0.0000913440899447823
 0.6375
 0.0011931232392667695
 0.00008759295013431759
 0.6625
 0.0010747374498790362
 0.00008671586554999352
 0.6875
 0.001084293469306316
 0.00008847326726991135
 0.7125
 0.0012366225854709048
 0.0000865946217358621
 0.7375
 0.001039742043175358
 0.0000861399396677464
 0.7625
 0.0011473400173192575
 0.00008966660446418303
 0.7875
 0.0012208685399620284
 0.00008801788505117628
 0.8125
 0.0010947466925853209
 0.00008988711680503137
 0.8375
 0.0013716372049173118
 0.0000892575214990138
 0.8625
 0.0012084025812064132
 0.00008807874039941027
 0.8875
 0.0014480521310166424
 0.00008807463268560148
 0.9125
 0.001123900213469589
 0.00009073478411245089
 0.9375
 0.0011988179469576928
 0.00009145887110518532
 0.9625
 0.0011975306022596068
 0.00008996834182139293
 0.9875
 -0.00014891938071732815
 0.00008806598394192443
 "rSquared" -> 0.6901874254015228
 "meanISI" -> 0.03867095390445863
 "meanZ" -> 0.0008591379200528278|>