<|"prc" -> 0.0125
 0.00019250471540103417
 0.0001666309368636662
 0.037500000000000006
 0.000498182232967102
 0.00017468600203763508
 0.0625
 0.0008070462227919712
 0.00017446517742048768
 0.08750000000000001
 0.0004492867548507613
 0.00017341342554719118
 0.1125
 0.0008087631332394746
 0.0001725242851227565
 0.1375
 0.0005154660551287006
 0.00017243012901508751
 0.16250000000000003
 0.001211443828280998
 0.0001716184213830118
 0.18750000000000003
 0.0007489576733055479
 0.0001742231807423078
 0.21250000000000002
 0.0008333346209247228
 0.00016929206187131035
 0.23750000000000002
 0.0010968055843839993
 0.0001704409649708542
 0.2625
 0.0005592506460662494
 0.00017421463746926244
 0.28750000000000003
 0.0011185024540942472
 0.00017250248900993774
 0.31250000000000006
 0.0009051432680083158
 0.00017315896797190787
 0.3375
 0.0006590607441683151
 0.00017456762131469445
 0.36250000000000004
 0.0006868156844343914
 0.0001718130084585694
 0.3875
 0.0009311167510206726
 0.00017441279998589907
 0.41250000000000003
 0.0006679821700258927
 0.00017178271526102173
 0.43750000000000006
 0.0012755320443342938
 0.0001809663779399569
 0.4625
 0.0006868453289340271
 0.00017205153172372058
 0.48750000000000004
 0.0010346720607096712
 0.00016895043099803388
 0.5125
 0.0010335515450846165
 0.00017239887341955376
 0.5375
 0.0007804506612398817
 0.00017371924466571493
 0.5625
 0.000786754705677228
 0.000176941788686018
 0.5875
 0.0009083252817339777
 0.00017227121852604854
 0.6125
 0.0009627104009852494
 0.00017124273947089904
 0.6375
 0.0009280664943998034
 0.00017799702792686283
 0.6625
 0.001084080862410869
 0.00017188955361104204
 0.6875
 0.0007987792286904104
 0.00017722400365017066
 0.7125
 0.0013917535690327143
 0.00017107508638496705
 0.7375
 0.0008820103444175084
 0.00016874463030309717
 0.7625
 0.0007477268764685902
 0.000168301104172958
 0.7875
 0.0012098451149920883
 0.00016961188437157723
 0.8125
 0.0004556887925630965
 0.00017201485591772643
 0.8375
 0.0009742967684753122
 0.00017055798028322783
 0.8625
 0.0006800262337527447
 0.00017558888851941534
 0.8875
 0.0013523813476849773
 0.00017848698038346955
 0.9125
 0.0014181162188247902
 0.00017624159484080551
 0.9375
 0.002538816587968249
 0.00018435272110904453
 0.9625
 0.00129361208725268
 0.00019922116072787916
 0.9875
 -0.0008259044240457247
 0.00016714589387902134
 "rSquared" -> 0.4319182814241857
 "meanISI" -> 0.021672833812773615
 "meanZ" -> 0.0008771950167669863|>