0.0125
 0.037500000000000006
 0.0625
 0.08750000000000001
 0.1125
 0.1375
 0.16250000000000003
 0.18750000000000003
 0.21250000000000002
 0.23750000000000002
 0.2625
 0.28750000000000003
 0.31250000000000006
 0.3375
 0.36250000000000004
 0.3875
 0.41250000000000003
 0.43750000000000006
 0.4625
 0.48750000000000004
 0.5125
 0.5375
 0.5625
 0.5875
 0.6125
 0.6375
 0.6625
 0.6875
 0.7125
 0.7375
 0.7625
 0.7875
 0.8125
 0.8375
 0.8625
 0.8875
 0.9125
 0.9375
 0.9625
 0.9875
 0.00012201980979263496
 0.0001648807528789733
 0.00043876766893774424
 0.0005226992543413601
 0.00022502556476005657
 0.0004412247213780417
 0.0005256181934617877
 0.00045283387220101744
 0.0005070894086147879
 0.000623150580234477
 0.0004286489670233821
 0.00033605187417890306
 0.0005587761469292471
 0.0005703858914016843
 0.0004920524988422369
 0.0005158094547764485
 0.0005888184086184588
 0.0005326780571077997
 0.00038544915490921567
 0.00042434089733443136
 0.0004641401724701429
 0.0004975622183974089
 0.0007244830743276654
 0.0003619083138186871
 0.0002719357778317727
 0.000770893631099305
 0.00045306107726980074
 0.000682226161267642
 0.0006505041787928395
 0.0005821280508812777
 0.000470397464543998
 0.0004881245674403462
 0.0004651142337607126
 0.00037568300417143775
 0.0003923052557394737
 0.0003802911762881116
 0.0005396529288615828
 0.0011296310840851176
 0.0012226507077513864
 -0.00025715892022108803
 0.00008327374575110325
 0.00008339205171977976
 0.00008237240112934994
 0.00008310939029231615
 0.00008385269845622722
 0.00008377919420521506
 0.00008485385349653691
 0.00008250307625921484
 0.00008358163759746487
 0.00008319383218124675
 0.00008326230241091475
 0.00008413177432234428
 0.00008229414373081641
 0.0000825179032457225
 0.0000838163861934457
 0.00008453553029168745
 0.00008460916170127616
 0.00008384037099758706
 0.0000840364887145322
 0.00008363210126700025
 0.00008406809736125145
 0.00008357764583864891
 0.00008306248111547256
 0.0000835260805210118
 0.00008432537594090761
 0.00008381718189013941
 0.00008334736164296713
 0.00008485859622130596
 0.00008417314168441436
 0.00008384978618114474
 0.00008373074235481522
 0.00008289979329228135
 0.00008387299869644493
 0.00008413469527051425
 0.00008563411143910058
 0.0000852682236435665
 0.00008662969611503825
 0.00008673646696430063
 0.00009029681172187833
 0.00008740159928080064
 0.2550031856623746
 0.05965901368600385