<|"prc" -> 0.0125
 0.00010784306615384864
 0.00008775076275131223
 0.037500000000000006
 0.00032577423914448544
 0.00008572936445143465
 0.0625
 0.0003858943024143481
 0.00008497533989666681
 0.08750000000000001
 0.00047081114696006387
 0.00008585865661407965
 0.1125
 0.0003720015260029218
 0.00008739513239318874
 0.1375
 0.0003740029587335767
 0.00008448810361160474
 0.16250000000000003
 0.0005162894814511115
 0.00008831827370222125
 0.18750000000000003
 0.0005290154866095672
 0.00008484503206296028
 0.21250000000000002
 0.00044461909318444095
 0.00008362458368912114
 0.23750000000000002
 0.00035089367915433587
 0.0000843285247246114
 0.2625
 0.0005955224665115875
 0.00008654946409923344
 0.28750000000000003
 0.0003403254030169084
 0.0000854391610500665
 0.31250000000000006
 0.0006550598436320232
 0.00008450370764627475
 0.3375
 0.00043511451412664415
 0.00008804116429155561
 0.36250000000000004
 0.0005406311825353705
 0.00009021020385993932
 0.3875
 0.00043817976726313586
 0.0000864976465000563
 0.41250000000000003
 0.0004880075161102184
 0.00008544545490819063
 0.43750000000000006
 0.0006258949564907836
 0.0000855606228113073
 0.4625
 0.0004534522757893564
 0.00008619033512771207
 0.48750000000000004
 0.000622970904464783
 0.0000848705157725638
 0.5125
 0.00037216964297187333
 0.00008727911999219999
 0.5375
 0.0004871029123436186
 0.00008427488669824039
 0.5625
 0.0006256957413082256
 0.00008800638699627166
 0.5875
 0.0005415975032594117
 0.00008327473807103219
 0.6125
 0.0005971011739055745
 0.00008539490636611906
 0.6375
 0.0007032039686908178
 0.00008562843352911734
 0.6625
 0.0004408822364433273
 0.00008555299507302282
 0.6875
 0.0005024377941509074
 0.00008739590769341957
 0.7125
 0.00030572004678213415
 0.00008838663183742758
 0.7375
 0.0005866056110092424
 0.00008992358387868198
 0.7625
 0.0005671289968214875
 0.00008528648135214745
 0.7875
 0.0007488838655721437
 0.00009142856180394144
 0.8125
 0.0006236536746723061
 0.00008869395490026369
 0.8375
 0.000543111803802958
 0.00008918106664400288
 0.8625
 0.000590458676677499
 0.00009072118071108542
 0.8875
 0.0006124368601088984
 0.00009044408805654314
 0.9125
 0.0010816719105085813
 0.00008793858022928291
 0.9375
 0.0015459737541696137
 0.00009171798563281334
 0.9625
 0.0016887631553798219
 0.00010363247006878588
 0.9875
 0.0005068824604626587
 0.00009217503611006491
 "rSquared" -> 0.6236686252802248
 "meanISI" -> 0.06144744848216584
 "meanZ" -> 0.0005685946399697653|>