0.0125
 0.037500000000000006
 0.0625
 0.08750000000000001
 0.1125
 0.1375
 0.16250000000000003
 0.18750000000000003
 0.21250000000000002
 0.23750000000000002
 0.2625
 0.28750000000000003
 0.31250000000000006
 0.3375
 0.36250000000000004
 0.3875
 0.41250000000000003
 0.43750000000000006
 0.4625
 0.48750000000000004
 0.5125
 0.5375
 0.5625
 0.5875
 0.6125
 0.6375
 0.6625
 0.6875
 0.7125
 0.7375
 0.7625
 0.7875
 0.8125
 0.8375
 0.8625
 0.8875
 0.9125
 0.9375
 0.9625
 0.9875
 -0.0002220272428941055
 0.0006117037274837564
 0.00009555145767320854
 0.00029858129166667624
 0.0004322932358907139
 0.0008498144945113862
 0.00009280030425233812
 0.0004926824099094852
 0.0005419842473097288
 0.0005541782828731704
 0.000898528762777591
 0.0007000934237242824
 0.0003869923552027116
 0.0009823926194797784
 0.00041199426890178306
 0.0005334555841068218
 0.000501012523005317
 0.0005585174857894217
 0.0007789857238261693
 0.0006547503946948303
 0.00045457945538418797
 0.0007111028014721277
 0.0007047262142291531
 0.0005211728306591334
 0.0005570642329636601
 0.0007632068274106217
 0.0006654651495994037
 0.0006745231579809091
 0.0005523946875793869
 0.0006206539629613515
 0.0005196919114061913
 0.000556946505967038
 0.00034922438046075256
 0.0006739877896567046
 0.0009545349477340468
 0.0014849585158702122
 0.001916371169690347
 0.002465617738693216
 0.0009123422798015011
 -0.0011033260226324267
 0.00015968571069214726
 0.00016267098889607848
 0.0001694612973469694
 0.0001680648975895658
 0.00016770399773774025
 0.00016629832378369143
 0.0001695098155531257
 0.00016644601374437006
 0.00016687362138296705
 0.00016671163946778932
 0.00017001538755009404
 0.00016872442923616566
 0.00016655292293966508
 0.0001674259870765877
 0.00016821749655216198
 0.00016707934387461882
 0.0001645007755215202
 0.00016617522805520942
 0.00016337434933687238
 0.00016984069175196556
 0.00016844416038074584
 0.0001673861200066923
 0.00016885924729890538
 0.00016589396766115074
 0.00016850126286293592
 0.00016816622294538736
 0.00017188029231072357
 0.00016806516895073528
 0.00016481551307175176
 0.00017398021840779476
 0.00017019911964735545
 0.00017211523098206803
 0.0001732393377527785
 0.00017026660900553982
 0.000170949363243521
 0.00017183780304339091
 0.0001744890488927159
 0.0001731883666162902
 0.00017847542572023415
 0.00016286156605568153
 0.2875444284136147
 0.021614259064156545