<|"prc" -> 0.0125
 0.00036845739994596007
 0.00009731890338261967
 0.037500000000000006
 0.0006931703570111646
 0.00009617334609055764
 0.0625
 0.0006364228893982741
 0.00009533488159473498
 0.08750000000000001
 0.0007556446155379858
 0.00009574401579517444
 0.1125
 0.0007287731133258533
 0.00009714874718215993
 0.1375
 0.0007183246496200452
 0.00009653585653637551
 0.16250000000000003
 0.0009423068351380159
 0.0000977228533785653
 0.18750000000000003
 0.0006742408377042943
 0.0000967216183758914
 0.21250000000000002
 0.0007026832420001605
 0.00009607254282997887
 0.23750000000000002
 0.0008530101114096096
 0.00009602446030240504
 0.2625
 0.0008746473678182959
 0.00009551464988905614
 0.28750000000000003
 0.0011056548763260907
 0.00009353800192612167
 0.31250000000000006
 0.0008711096913117498
 0.00009741783552229815
 0.3375
 0.0009676432301857002
 0.000096829761579375
 0.36250000000000004
 0.0010709474215751266
 0.00009468775594377486
 0.3875
 0.0011761717963128821
 0.00009693859425429794
 0.41250000000000003
 0.0011179081546963759
 0.00009612892636080656
 0.43750000000000006
 0.0010391348323154322
 0.00009652052675599401
 0.4625
 0.0010180074204180977
 0.00009520668631636043
 0.48750000000000004
 0.0010564614271218833
 0.0000938183641588262
 0.5125
 0.0010503559578083426
 0.00009582134077333253
 0.5375
 0.000783073703200109
 0.00009678976737295951
 0.5625
 0.0010770919033642947
 0.00009552775468284207
 0.5875
 0.0012599894950633575
 0.00009591311822026939
 0.6125
 0.0008928815620221596
 0.00009634855080668857
 0.6375
 0.0010306117121332424
 0.00009607737471852606
 0.6625
 0.0010203574985032486
 0.00009619453906495787
 0.6875
 0.0011686648682317253
 0.00009513480239620575
 0.7125
 0.0008307873554426108
 0.0000943032710936023
 0.7375
 0.0010465403380316874
 0.00009693560427874864
 0.7625
 0.0009872807450638636
 0.00009652200873205145
 0.7875
 0.0010255972959749842
 0.00009683196910917738
 0.8125
 0.0009083386825793152
 0.00009654493105275084
 0.8375
 0.0009208729579131822
 0.00009531474637370458
 0.8625
 0.000812650980276917
 0.0001006060611992227
 0.8875
 0.0010831434448203162
 0.00009646323174815834
 0.9125
 0.0008134499237322196
 0.00009863776820090383
 0.9375
 0.0011850151067664754
 0.00010220076854026735
 0.9625
 0.001472688580026814
 0.00010644401067988734
 0.9875
 -0.0004317136837271974
 0.00010833199498240841
 "rSquared" -> 0.5290598853991619
 "meanISI" -> 0.059097695404441306
 "meanZ" -> 0.0009077099674100165|>