<|"prc" -> 0.0125
 0.00012626470710628835
 0.00007547115424039205
 0.037500000000000006
 0.0003939201085187585
 0.00007528316973750234
 0.0625
 0.00047527234731386804
 0.00007542588806681738
 0.08750000000000001
 0.0006024485637964409
 0.00007466609539788942
 0.1125
 0.0005766692186456181
 0.00007592795850943342
 0.1375
 0.0005729672446181309
 0.00007662138213792216
 0.16250000000000003
 0.0005665724279569549
 0.00007599375101398772
 0.18750000000000003
 0.0006606825465656391
 0.00007550692925957812
 0.21250000000000002
 0.0008538637603907517
 0.00007608271471151577
 0.23750000000000002
 0.0005203585125954407
 0.00007705329184638354
 0.2625
 0.0007292207467381149
 0.00007559880500262022
 0.28750000000000003
 0.0007079505137837314
 0.00007487658000766935
 0.31250000000000006
 0.0006609413028351656
 0.00007643867879114909
 0.3375
 0.0007992931476732625
 0.00007537088934150786
 0.36250000000000004
 0.0007601196604597196
 0.00007568625466735378
 0.3875
 0.0009402482017832559
 0.0000764626030986882
 0.41250000000000003
 0.0007271111595964548
 0.00007545772603510997
 0.43750000000000006
 0.000886551206311085
 0.00007499732868792013
 0.4625
 0.0008063804867113139
 0.00007666957828311269
 0.48750000000000004
 0.0007931395616515524
 0.00007522905630816596
 0.5125
 0.0008666947913304872
 0.00007622213350049335
 0.5375
 0.0008971767813439179
 0.00007619291218273574
 0.5625
 0.0009068616000606089
 0.00007730084737612461
 0.5875
 0.0009129470530021825
 0.00007771394081153488
 0.6125
 0.0009871020717384528
 0.00007625253324203126
 0.6375
 0.0009530167684716909
 0.00007558272841048229
 0.6625
 0.0010312077837919002
 0.00007556111023602384
 0.6875
 0.0010164822674623905
 0.00007686211505601326
 0.7125
 0.0009374263416104304
 0.00007593800509039229
 0.7375
 0.0009413630651839636
 0.00007675732758517452
 0.7625
 0.0010972834832618848
 0.00007747433581257433
 0.7875
 0.000939138676372054
 0.00007620128083496958
 0.8125
 0.0008135407433206054
 0.00007615610799441692
 0.8375
 0.0010262005827106162
 0.00007690965356312185
 0.8625
 0.0009855222460780676
 0.00007826614367169933
 0.8875
 0.000996599996391676
 0.00007810525996863985
 0.9125
 0.0010295276935325614
 0.00007891108351310704
 0.9375
 0.0013818768727791632
 0.00008089863817696338
 0.9625
 0.0019356708453465152
 0.00008691749071096127
 0.9875
 -0.00025850681700688725
 0.0000825789253018334
 "rSquared" -> 0.5236301573296119
 "meanISI" -> 0.040023266794276875
 "meanZ" -> 0.0008139277067958457|>