<|"prc" -> 0.0125
 -0.0001041248682365208
 0.00014103139804193338
 0.037500000000000006
 0.0006168291709993981
 0.0001465846576806703
 0.0625
 0.0007363611477775225
 0.00014246426478138364
 0.08750000000000001
 0.0008482817830869279
 0.00014185556916585055
 0.1125
 0.0007996089555440827
 0.00014576128188930392
 0.1375
 0.0008744898405875908
 0.00014303412834047778
 0.16250000000000003
 0.0005660215541984994
 0.0001427969171054935
 0.18750000000000003
 0.0006550305266310202
 0.0001449781754708946
 0.21250000000000002
 0.0009542949858249066
 0.00014045950473886147
 0.23750000000000002
 0.0006623571208760727
 0.00014003653320963268
 0.2625
 0.0010521757047276935
 0.00014093900114218083
 0.28750000000000003
 0.001186495984022601
 0.0001385380413402426
 0.31250000000000006
 0.0009793915292734448
 0.00014217098898060667
 0.3375
 0.0008692405095048617
 0.00014513768223908675
 0.36250000000000004
 0.0008145220266422992
 0.00014446318555875407
 0.3875
 0.0007458903793366291
 0.00014343496271017027
 0.41250000000000003
 0.0009556887719394692
 0.00014166762318921662
 0.43750000000000006
 0.0012404809160569622
 0.00014493186291603287
 0.4625
 0.0012138617032470603
 0.00014175547871282624
 0.48750000000000004
 0.0008980912797776112
 0.0001455949396165709
 0.5125
 0.0011672743727747337
 0.00014120420904961383
 0.5375
 0.0009259676479729678
 0.0001443481802882091
 0.5625
 0.001205404907597584
 0.00014251699997749643
 0.5875
 0.0008552117070578677
 0.00014152710880984163
 0.6125
 0.0013099729097879416
 0.00014583198074340806
 0.6375
 0.0010950727057200723
 0.0001442930444548818
 0.6625
 0.0010782978360649265
 0.00014492702060008402
 0.6875
 0.0008988496317775656
 0.00014597426986984126
 0.7125
 0.001212740714259703
 0.0001431756076936629
 0.7375
 0.0008005348316523312
 0.00014423144772626856
 0.7625
 0.0011034001637335587
 0.00014523741513794704
 0.7875
 0.001354426205710214
 0.0001454780141348908
 0.8125
 0.001274654500771971
 0.00014652978641493128
 0.8375
 0.0016229474403404757
 0.0001494290618666558
 0.8625
 0.0020489140699234774
 0.000146824483621748
 0.8875
 0.0023043997773119435
 0.00015036054424720927
 0.9125
 0.0030130001406173906
 0.00015104841180087206
 0.9375
 0.00377088143288125
 0.00016277866705677305
 0.9625
 0.003108341953368971
 0.00018060405790868607
 0.9875
 -0.0011904569434871555
 0.0001448263505165283
 "rSquared" -> 0.6608296705508113
 "meanISI" -> 0.028379769663985175
 "meanZ" -> 0.001138120625691398|>