<|"prc" -> 0.0125
 0.00015624430228971915
 0.00011383909348793417
 0.037500000000000006
 0.00005255186838557032
 0.00011681572232450488
 0.0625
 0.0003161628207667968
 0.00011938993259158526
 0.08750000000000001
 0.00017800269386196736
 0.00011720257981026929
 0.1125
 0.00031219164309749303
 0.00011599900571622622
 0.1375
 0.00023724061299235287
 0.00011804721149329447
 0.16250000000000003
 0.0004918938820754541
 0.00011830255344033884
 0.18750000000000003
 0.0002712571750230279
 0.00011768650076483529
 0.21250000000000002
 0.0003237543440652588
 0.0001174457651079497
 0.23750000000000002
 0.0005319872278195286
 0.00011838554609581924
 0.2625
 0.0003724234999174073
 0.00011646582409115544
 0.28750000000000003
 0.0005515415742577874
 0.00011794985036550977
 0.31250000000000006
 0.0007118679910174017
 0.00012144725797458755
 0.3375
 0.0005879097890534366
 0.00011992949629276517
 0.36250000000000004
 0.0005622368429992987
 0.00011871630487765237
 0.3875
 0.0005480657051699414
 0.00011293902829373289
 0.41250000000000003
 0.0007366295180271746
 0.00011714496415432054
 0.43750000000000006
 0.0006366028492840028
 0.00011647313226328707
 0.4625
 0.0009640770965158794
 0.00012060901232839656
 0.48750000000000004
 0.0006348614653101261
 0.00012074122477053071
 0.5125
 0.0009652150038066754
 0.00011899545985513453
 0.5375
 0.0009018462167622814
 0.00011639672133981868
 0.5625
 0.0007636532464719487
 0.00011632915073455128
 0.5875
 0.0007496622947966444
 0.00011948908687828776
 0.6125
 0.0007420738380441173
 0.00011919096252306717
 0.6375
 0.0008297625145682258
 0.00011992372414129823
 0.6625
 0.0012095032358290518
 0.00011612997744174993
 0.6875
 0.0007775247017397194
 0.0001198941183376258
 0.7125
 0.0012963050977409035
 0.00011628898257350786
 0.7375
 0.0009555947957642189
 0.0001204709853422525
 0.7625
 0.0012834885201031632
 0.00011890280478287474
 0.7875
 0.0011435557882509106
 0.0001156644739569363
 0.8125
 0.0012170051625957456
 0.00011934310068436803
 0.8375
 0.0010572794412809943
 0.00011993715860746517
 0.8625
 0.001520068642726654
 0.00011961905083674101
 0.8875
 0.0012840191235752882
 0.00011804212043219558
 0.9125
 0.0011674951518984786
 0.00011985441350674663
 0.9375
 0.0014544579923091619
 0.00012165465536977635
 0.9625
 0.0014334525322988905
 0.0001261461896219317
 0.9875
 -0.00022449672285299876
 0.0001134667234907254
 "rSquared" -> 0.5425945777167968
 "meanISI" -> 0.01963013065164216
 "meanZ" -> 0.0007426242369909925|>