<|"prc" -> 0.0125
 -9.916344839760974e-6
 0.0001444205317773543
 0.037500000000000006
 0.0003637143238544218
 0.00014522111210152412
 0.0625
 0.0003131016874791482
 0.0001446713841214069
 0.08750000000000001
 0.0005854744442841404
 0.00014332790427534788
 0.1125
 0.0007171000401279723
 0.00014088142914332055
 0.1375
 0.0010912107292303478
 0.00014714493598909367
 0.16250000000000003
 0.0007098169526415578
 0.0001432315502815619
 0.18750000000000003
 0.00037159451774638124
 0.00014310850814339018
 0.21250000000000002
 0.0008341357424169225
 0.00014702954439490358
 0.23750000000000002
 0.0006516164569378474
 0.00014347703694304135
 0.2625
 0.0005166944503222703
 0.00014630332956059306
 0.28750000000000003
 0.0009614183221858117
 0.0001465923607699989
 0.31250000000000006
 0.0006930128488663838
 0.00014637017169330052
 0.3375
 0.0005875986423815109
 0.00014211235879285026
 0.36250000000000004
 0.0005179131075373367
 0.00014546499598066121
 0.3875
 0.0003967704551611268
 0.00014699144403231858
 0.41250000000000003
 0.0005892243728406173
 0.00014564447576685964
 0.43750000000000006
 0.0008357708470376503
 0.00014612464010908978
 0.4625
 0.00060666788636542
 0.000144752483438609
 0.48750000000000004
 0.0006379493070974605
 0.00014561831777611944
 0.5125
 0.0006277392449133914
 0.00014565397289209301
 0.5375
 0.0008883240577178288
 0.00014605583803861569
 0.5625
 0.0008126720587762612
 0.00014855161957362122
 0.5875
 0.000652601493108345
 0.00014591891166959903
 0.6125
 0.0007201997182314312
 0.0001430291364115228
 0.6375
 0.0005561128655053993
 0.00014922829685801728
 0.6625
 0.000763652515899636
 0.0001493426716743282
 0.6875
 0.0005182897945935306
 0.00014425079779987988
 0.7125
 0.0008604867194235672
 0.00014642667546489
 0.7375
 0.0007097078646810127
 0.00014731598872793695
 0.7625
 0.0011709434964561713
 0.00014697455403272589
 0.7875
 0.0009289592992745015
 0.0001496446442549443
 0.8125
 0.0010712003161512495
 0.0001481223294486437
 0.8375
 0.0013682629220584434
 0.00014810670082023253
 0.8625
 0.0019065586651366801
 0.00014931761574823327
 0.8875
 0.002141107413338845
 0.000153906205343897
 0.9125
 0.0023730368824015744
 0.00015123138088245233
 0.9375
 0.0024289847080228646
 0.00015948648222970243
 0.9625
 0.0012181207331668678
 0.00015982007296597495
 0.9875
 -0.00031259003575055715
 0.00014891484964216846
 "rSquared" -> 0.574714100061163
 "meanISI" -> 0.03320017971684845
 "meanZ" -> 0.0008343809880695405|>