<|"prc" -> 0.0125
 0.00011296004827392963
 0.00011384226076229217
 0.037500000000000006
 0.0005202522904258015
 0.00011624135733686191
 0.0625
 0.0005649988731040845
 0.00011244684288643685
 0.08750000000000001
 0.0007169183514531865
 0.00011407394570774108
 0.1125
 0.000550500196383381
 0.00011449137351632919
 0.1375
 0.0009155682335411782
 0.00011374353885773922
 0.16250000000000003
 0.0005450034053182271
 0.00011252330891245573
 0.18750000000000003
 0.0011270597965919466
 0.00011390158409763887
 0.21250000000000002
 0.0008327103583467253
 0.00011142363303317223
 0.23750000000000002
 0.0012596216137819775
 0.00011471403948351184
 0.2625
 0.0008245529427547074
 0.00011547216151601024
 0.28750000000000003
 0.0011141837920571724
 0.00011354489380370112
 0.31250000000000006
 0.0010552489237009056
 0.00011732941912500776
 0.3375
 0.0011972179492569892
 0.00011585382073216957
 0.36250000000000004
 0.0010922867940613315
 0.00011459002224614808
 0.3875
 0.0012389818265425138
 0.000114624168248439
 0.41250000000000003
 0.0011835758815816418
 0.00011458955952597564
 0.43750000000000006
 0.0012683903448416395
 0.00011474703738557923
 0.4625
 0.0012754211717073431
 0.00011692591284742959
 0.48750000000000004
 0.0013232878211931636
 0.00011636476125946929
 0.5125
 0.0014423576356875625
 0.00011760745744344333
 0.5375
 0.0012632429578681426
 0.0001131714739966983
 0.5625
 0.001233753711580493
 0.00011285497680244389
 0.5875
 0.0012511653435430098
 0.00011551042119651581
 0.6125
 0.001046036055910904
 0.00011424702968621145
 0.6375
 0.0012904954534397022
 0.0001139122503588336
 0.6625
 0.0013308379191250572
 0.0001131160834804311
 0.6875
 0.0013828555466632658
 0.0001168574810472591
 0.7125
 0.001366866933285761
 0.00011565706843029526
 0.7375
 0.001376238558155705
 0.00011428056417736818
 0.7625
 0.0015485820036462393
 0.00011621313030892258
 0.7875
 0.0013862573420686955
 0.00011661491123249555
 0.8125
 0.001602332137769276
 0.00011718405410606775
 0.8375
 0.0015702011807912876
 0.00011785398987521805
 0.8625
 0.0016012514108318199
 0.00011492709987493653
 0.8875
 0.002127509206779544
 0.00011607653613135481
 0.9125
 0.0016154907693841408
 0.00011842261097384306
 0.9375
 0.0018059071774304467
 0.0001202566476163864
 0.9625
 0.0010509395733846673
 0.00012247753194979117
 0.9875
 -0.0001109064990501401
 0.0001159227138360346
 "rSquared" -> 0.6782378582705103
 "meanISI" -> 0.02304213278973123
 "meanZ" -> 0.0011475038758303356|>