1 76
1 219
1 363
1 466
1 555
1 565
1 581
1 623
1 649
1 674
1 700
1 761
1 776
1 991
2 22
2 47
2 241
2 265
2 420
2 464
2 564
2 638
2 755
2 821
2 876
2 933
3 85
3 111
3 119
3 183
3 290
3 318
3 348
3 426
3 636
3 732
3 745
3 979
4 28
4 105
4 115
4 237
4 306
4 660
4 722
4 745
4 908
4 1000
5 19
5 21
5 36
5 40
5 133
5 186
5 193
5 376
5 422
5 600
5 878
6 2
6 26
6 33
6 81
6 296
6 336
6 350
6 380
6 579
6 705
6 911
6 955
6 957
7 51
7 109
7 203
7 309
7 412
7 467
7 563
7 598
7 720
7 844
7 905
7 932
7 948
8 25
8 82
8 121
8 341
8 433
8 468
8 691
8 840
8 931
9 90
9 204
9 239
9 524
9 551
9 664
9 676
9 892
9 969
10 47
10 66
10 83
10 208
10 245
10 375
10 386
10 401
10 430
10 485
10 537
10 579
10 607
10 616
10 638
10 755
10 959
11 199
11 344
11 382
11 386
11 439
11 530
11 597
11 692
11 823
11 947
12 153
12 179
12 522
12 828
12 834
12 975
13 195
13 253
13 287
13 500
13 731
13 765
13 853
13 930
14 172
14 396
14 451
14 586
14 613
14 625
14 670
14 681
14 729
14 789
14 865
15 18
15 108
15 199
15 245
15 358
15 476
15 503
15 526
15 528
15 605
15 615
15 621
15 680
15 682
15 726
15 942
16 28
16 99
16 169
16 290
16 549
16 598
16 682
16 763
16 939
16 961
17 1
17 37
17 45
17 50
17 73
17 413
17 486
17 578
17 700
17 801
17 871
17 873
17 983
17 987
17 996
18 7
18 24
18 163
18 187
18 241
18 262
18 289
18 371
18 417
18 473
18 598
18 630
18 637
18 650
18 938
18 976
19 309
19 349
19 356
19 398
19 404
19 462
19 501
19 720
19 772
19 814
19 958
20 176
20 306
20 320
20 432
20 459
20 487
20 516
20 543
20 550
20 583
20 584
20 749
20 773
20 877
20 933
21 85
21 108
21 208
21 223
21 253
21 290
21 431
21 518
21 536
21 663
21 677
22 5
22 123
22 325
22 461
22 476
22 693
22 749
22 899
22 932
23 9
23 552
23 567
23 632
23 650
23 679
23 758
23 872
23 933
24 283
24 288
24 350
24 424
24 597
24 616
24 680
24 949
25 305
25 413
25 477
25 699
25 712
25 828
25 888
25 942
25 966
26 573
26 597
26 758
26 780
26 910
27 100
27 125
27 377
27 537
27 550
27 579
27 630
27 642
27 749
27 864
28 104
28 149
28 170
28 363
28 415
28 606
28 748
28 796
28 875
28 992
29 262
29 290
29 300
29 308
29 412
29 493
29 633
29 873
29 878
30 53
30 84
30 100
30 167
30 447
30 499
30 548
30 576
30 616
30 650
30 669
31 58
31 60
31 82
31 159
31 201
31 377
31 611
31 785
31 974
31 995
32 44
32 294
32 303
32 335
32 494
32 578
32 756
32 761
32 954
32 996
33 193
33 266
33 270
33 357
33 564
33 621
33 745
33 794
33 812
33 941
34 247
34 329
34 412
34 455
34 467
34 604
34 751
34 773
34 897
34 971
35 23
35 313
35 396
35 645
35 734
35 775
35 837
35 892
36 8
36 23
36 93
36 127
36 145
36 240
36 478
36 511
36 606
36 614
36 673
36 853
36 859
36 904
36 921
36 992
37 81
37 419
37 476
37 558
37 910
37 967
37 979
38 126
38 243
38 473
38 487
38 562
38 575
38 704
38 788
38 955
39 65
39 523
39 650
39 661
39 814
39 850
39 896
40 20
40 240
40 243
40 343
40 655
40 665
40 725
40 753
40 984
41 290
41 694
41 732
41 756
41 801
41 943
41 961
41 987
42 21
42 157
42 201
42 239
42 335
42 347
42 408
42 451
42 564
42 575
42 587
42 760
42 812
42 965
42 979
43 131
43 155
43 218
43 307
43 364
43 385
43 417
43 497
43 546
43 608
43 682
43 772
43 865
44 38
44 274
44 406
44 441
44 450
44 563
44 736
44 787
44 840
44 922
44 949
45 207
45 468
45 566
45 608
45 705
45 902
46 22
46 155
46 204
46 237
46 311
46 371
46 390
46 437
46 507
46 539
46 576
46 663
46 976
47 63
47 354
47 505
47 755
47 773
47 924
47 962
48 94
48 107
48 131
48 135
48 187
48 228
48 240
48 370
48 615
48 796
48 809
48 925
48 944
49 182
49 223
49 458
49 483
49 500
49 832
49 845
49 849
49 861
49 975
49 995
50 36
50 191
50 246
50 288
50 343
50 370
50 429
50 583
50 628
50 648
50 712
50 843
50 933
51 10
51 16
51 20
51 75
51 144
51 957
52 383
52 463
52 483
52 570
52 583
52 610
52 645
52 650
52 778
52 848
53 110
53 126
53 207
53 227
53 275
53 485
53 531
53 591
53 802
53 959
54 19
54 45
54 106
54 307
54 376
54 475
54 605
54 619
54 625
54 800
54 802
54 970
55 83
55 173
55 419
55 429
55 434
55 450
55 487
55 523
55 551
55 583
55 652
55 731
55 749
55 762
55 865
56 55
56 110
56 206
56 252
56 309
56 343
56 350
56 544
56 735
56 898
56 940
57 44
57 60
57 123
57 151
57 240
57 250
57 382
57 537
57 769
57 830
57 903
57 965
58 157
58 235
58 341
58 457
58 557
58 808
58 888
58 898
58 942
58 957
58 988
59 8
59 29
59 91
59 151
59 215
59 308
59 617
59 743
59 856
59 931
60 102
60 214
60 261
60 327
60 446
60 457
60 790
60 851
60 983
61 41
61 51
61 173
61 323
61 383
61 401
61 521
61 561
61 744
61 781
61 783
61 893
61 917
61 923
61 932
61 998
62 180
62 321
62 427
62 432
62 567
62 590
62 823
62 900
62 972
63 206
63 297
63 627
63 637
63 683
63 701
63 722
63 867
63 919
63 978
64 16
64 63
64 303
64 365
64 436
64 667
64 686
64 873
64 930
65 6
65 12
65 21
65 25
65 37
65 120
65 516
65 711
65 723
65 733
65 789
65 827
65 975
65 984
66 112
66 148
66 259
66 323
66 868
66 985
67 56
67 242
67 679
67 744
67 863
68 158
68 171
68 618
68 625
68 804
68 846
68 894
68 952
69 60
69 117
69 126
69 749
69 816
69 871
69 939
70 11
70 167
70 602
70 658
70 869
71 58
71 80
71 101
71 320
71 493
71 537
71 644
71 648
71 703
71 867
72 6
72 133
72 233
72 342
72 421
72 427
72 820
72 903
72 907
72 973
73 1
73 207
73 216
73 442
73 663
73 730
74 47
74 133
74 201
74 468
74 517
74 557
74 701
74 706
75 15
75 113
75 353
75 518
75 541
75 627
75 648
75 920
75 957
75 996
76 6
76 356
76 495
76 510
76 562
76 633
76 669
76 732
76 800
76 811
76 825
76 835
76 846
76 869
76 873
76 875
77 90
77 107
77 176
77 471
77 532
77 548
77 582
77 599
77 625
77 653
77 682
77 722
77 887
77 909
78 213
78 221
78 259
78 262
78 329
78 391
78 481
78 588
78 616
78 908
78 953
79 21
79 405
79 495
79 649
79 687
79 707
79 958
80 96
80 263
80 270
80 365
80 419
80 538
80 593
80 603
80 616
80 652
80 900
81 40
81 142
81 202
81 338
81 375
81 394
81 642
81 932
82 33
82 92
82 270
82 371
82 442
82 445
82 516
82 589
82 689
82 937
83 38
83 68
83 101
83 210
83 308
83 331
83 355
83 367
83 419
83 655
83 920
84 52
84 101
84 105
84 372
84 448
84 514
84 535
84 544
84 672
84 915
85 174
85 290
85 296
85 391
85 412
85 727
85 820
85 824
85 966
85 974
86 17
86 179
86 231
86 345
86 403
86 715
86 760
86 763
86 775
86 846
86 936
86 964
87 14
87 188
87 259
87 306
87 630
87 644
87 765
87 806
87 843
87 933
87 983
88 39
88 164
88 549
88 585
88 683
88 761
88 975
88 981
89 37
89 133
89 150
89 244
89 366
89 468
89 766
89 837
89 944
90 103
90 110
90 250
90 304
90 320
90 453
90 569
90 655
90 816
90 835
90 849
90 872
90 890
91 145
91 334
91 408
91 510
91 635
91 750
91 785
91 870
91 970
92 181
92 298
92 391
92 753
92 811
92 882
92 998
93 72
93 94
93 131
93 191
93 195
93 353
93 371
93 436
93 454
93 491
93 564
93 791
93 825
93 856
94 48
94 59
94 162
94 415
94 625
94 656
94 680
94 823
94 831
94 888
94 963
94 981
95 8
95 271
95 356
95 409
95 519
95 702
95 751
95 845
96 92
96 734
96 874
97 64
97 222
97 613
97 707
97 965
97 970
98 31
98 48
98 196
98 327
98 329
98 486
98 487
98 576
98 754
98 756
98 959
99 83
99 184
99 283
99 291
99 371
99 522
99 544
99 567
99 649
99 752
99 918
100 21
100 95
100 389
100 513
100 602
100 617
100 669
100 771
100 910
101 143
101 236
101 324
101 371
101 502
101 587
101 610
101 659
101 810
101 823
102 39
102 116
102 137
102 219
102 325
102 380
102 389
102 457
102 481
102 568
102 591
102 936
103 223
103 241
103 402
103 458
103 545
103 563
103 758
103 766
103 844
104 32
104 70
104 161
104 216
104 217
104 349
104 363
104 370
104 384
104 492
104 536
104 561
104 652
104 709
104 991
105 41
105 488
105 568
105 575
105 676
105 677
105 868
105 898
105 937
106 1
106 39
106 79
106 147
106 161
106 190
106 191
106 289
106 537
106 612
106 996
107 189
107 224
107 247
107 260
107 921
108 188
108 242
108 725
109 9
109 61
109 97
109 200
109 454
109 507
109 633
109 647
109 731
109 917
109 969
110 129
110 154
110 230
110 261
110 271
110 492
110 548
110 589
110 660
110 722
110 814
110 977
111 80
111 288
111 385
111 474
111 487
111 695
111 712
112 47
112 207
112 226
112 259
112 352
112 567
112 898
112 999
113 3
113 116
113 149
113 290
113 324
113 737
113 903
113 936
113 954
114 285
114 348
114 507
114 809
114 907
114 909
114 972
115 316
115 375
115 383
115 500
115 786
115 978
116 17
116 31
116 75
116 224
116 331
116 360
116 897
117 109
117 187
117 419
117 522
117 530
117 549
117 626
117 651
117 681
117 697
117 778
117 785
117 942
118 3
118 70
118 210
118 329
118 364
118 518
118 605
118 680
118 821
118 905
118 962
119 78
119 158
119 225
119 302
119 389
119 477
119 638
119 768
119 898
120 327
120 385
120 534
120 704
120 769
120 879
120 914
120 995
120 999
121 60
121 112
121 158
121 267
121 349
121 603
121 748
121 791
122 270
122 291
122 320
122 517
122 568
122 659
122 700
122 787
122 847
122 865
122 949
122 952
122 963
123 231
123 325
123 429
123 454
123 548
123 554
123 980
124 147
124 165
124 229
124 316
124 357
124 381
124 388
124 389
124 790
124 917
124 970
124 983
125 61
125 116
125 166
125 173
125 264
125 305
125 401
125 419
125 656
125 795
126 7
126 76
126 81
126 155
126 304
126 321
126 353
126 565
126 879
126 927
126 988
127 130
127 262
127 452
127 478
127 578
127 729
127 848
127 903
128 3
128 130
128 154
128 291
128 318
128 657
129 68
129 329
129 838
129 917
130 163
130 290
130 637
130 818
130 885
130 889
130 922
130 975
131 148
131 248
131 294
131 324
131 486
131 494
131 520
131 521
131 551
131 628
132 28
132 110
132 142
132 167
132 176
132 184
132 442
132 662
132 738
132 810
133 241
133 333
133 372
133 383
133 504
133 545
133 644
133 696
133 870
133 973
134 15
134 212
134 303
134 318
134 335
134 341
134 531
134 596
134 757
134 907
135 177
135 454
135 461
135 928
135 971
136 25
136 144
136 176
136 224
136 324
136 444
136 555
136 748
136 783
137 106
137 324
137 330
137 410
137 542
137 673
137 713
137 870
137 896
138 9
138 227
138 272
138 329
138 352
138 412
138 485
138 566
138 678
138 697
138 870
139 29
139 41
139 166
139 167
139 244
139 269
139 340
139 569
139 683
139 686
139 740
139 839
139 914
139 931
139 974
139 999
140 92
140 98
140 395
140 541
140 672
140 884
141 90
141 124
141 164
141 355
141 464
141 516
141 517
141 626
141 746
141 837
141 925
141 967
142 75
142 207
142 209
142 216
142 320
142 333
142 348
142 363
142 470
142 473
142 564
142 660
142 775
143 3
143 21
143 151
143 226
143 247
143 365
143 412
143 460
143 504
143 829
143 883
143 884
143 891
144 85
144 162
144 164
144 282
144 321
144 367
144 425
144 573
144 588
144 610
144 838
145 28
145 116
145 300
145 302
145 330
145 521
145 737
146 5
146 345
146 368
146 608
146 715
146 875
146 914
147 66
147 381
147 383
147 499
147 586
147 633
147 945
148 52
148 118
148 238
148 420
148 450
148 586
148 590
148 719
148 725
148 772
148 966
148 978
149 24
149 68
149 102
149 129
149 145
149 157
149 200
149 233
149 294
149 438
149 537
149 660
149 690
149 808
149 815
149 886
150 132
150 163
150 213
150 626
150 875
151 23
151 147
151 242
151 339
151 341
151 368
151 394
151 397
151 417
151 565
151 619
151 653
151 684
151 759
151 834
151 892
152 3
152 15
152 19
152 120
152 150
152 272
152 359
152 478
152 763
152 877
152 884
152 890
153 30
153 111
153 175
153 234
153 241
153 332
153 381
153 388
153 500
153 510
153 606
153 626
153 902
153 986
154 31
154 269
154 278
154 456
154 582
154 678
154 749
154 848
154 881
155 21
155 70
155 116
155 175
155 461
155 654
155 806
155 981
155 999
156 20
156 61
156 81
156 92
156 127
156 421
156 471
156 475
156 610
156 641
156 873
156 946
157 5
157 19
157 252
157 314
157 532
157 651
157 676
157 700
157 835
157 931
157 941
158 37
158 151
158 154
158 201
158 202
158 352
158 391
158 475
158 493
158 500
158 626
159 5
159 93
159 415
159 613
159 690
159 808
160 381
160 411
160 517
160 699
160 849
160 907
160 915
160 956
161 55
161 86
161 130
161 165
161 182
161 371
161 428
162 55
162 194
162 245
162 335
162 392
162 526
162 541
162 679
162 696
162 734
162 968
163 93
163 178
163 243
163 326
163 337
163 418
163 685
163 703
163 711
163 766
163 940
163 957
164 262
164 295
164 373
164 390
164 414
164 653
164 744
164 888
164 976
164 990
165 154
165 304
165 347
165 408
165 420
165 495
165 659
165 754
165 780
165 812
165 819
165 866
165 978
166 38
166 42
166 65
166 273
166 443
166 516
166 542
166 663
166 702
166 730
166 876
166 909
166 956
166 998
167 56
167 180
167 351
167 508
167 646
167 704
167 706
167 773
167 870
167 895
168 64
168 139
168 266
168 309
168 458
168 834
168 922
169 42
169 98
169 196
169 217
169 547
169 940
169 953
170 105
170 124
170 148
170 155
170 327
170 582
170 731
170 783
171 224
171 420
171 631
171 637
171 814
171 819
172 16
172 67
172 104
172 266
172 493
172 536
172 626
172 670
172 735
172 784
172 877
173 19
173 60
173 66
173 172
173 223
173 269
173 501
173 550
173 774
173 785
173 795
173 816
173 882
173 902
174 78
174 284
174 336
174 367
174 458
174 594
174 661
174 801
175 105
175 239
175 356
175 359
175 420
175 546
175 620
175 650
175 809
175 847
176 113
176 156
176 240
176 289
176 467
176 520
176 589
176 602
176 648
176 743
176 839
176 877
177 155
177 329
177 338
177 674
177 723
177 734
178 1
178 112
178 113
178 276
178 306
178 378
178 415
178 442
178 544
178 713
178 832
179 86
179 87
179 115
179 166
179 237
179 422
179 477
179 594
179 789
179 919
179 967
180 173
180 291
180 384
180 388
180 467
180 567
180 848
180 907
180 990
181 47
181 102
181 339
181 517
181 522
181 554
181 567
181 897
181 903
181 939
182 9
182 95
182 173
182 203
182 365
182 428
182 496
182 526
182 678
182 703
182 773
182 869
182 877
182 955
183 191
183 200
183 256
183 437
183 458
183 546
183 581
183 668
183 690
183 962
184 74
184 154
184 159
184 313
184 373
184 422
184 490
184 748
184 771
184 876
184 890
184 908
184 962
184 992
185 163
185 184
185 243
185 287
185 315
185 671
185 810
185 957
186 56
186 218
186 395
186 400
186 493
186 534
186 646
186 851
186 889
186 911
187 7
187 54
187 171
187 191
187 213
187 264
187 483
187 589
187 606
187 946
188 25
188 80
188 85
188 502
188 551
188 580
188 741
188 769
188 885
188 978
188 996
189 93
189 108
189 152
189 178
189 406
189 495
189 627
189 882
189 956
190 125
190 162
190 193
190 263
190 391
190 408
190 479
190 517
190 598
190 624
190 841
190 907
190 949
190 953
190 975
190 990
191 25
191 90
191 131
191 252
191 325
191 353
191 386
191 550
191 560
191 603
191 780
191 835
191 886
191 925
192 221
192 244
192 269
192 311
192 380
192 421
192 446
192 458
192 488
192 584
192 616
192 628
192 796
192 837
192 855
192 975
193 227
193 301
193 644
193 732
193 857
193 875
193 979
194 17
194 46
194 320
194 337
194 341
194 401
194 587
194 591
194 631
194 707
194 722
195 137
195 264
195 278
195 293
195 325
195 459
195 629
195 676
195 683
195 687
195 728
195 944
196 57
196 92
196 136
196 154
196 157
196 187
196 190
196 337
196 343
196 681
196 800
196 824
196 850
196 968
197 20
197 21
197 33
197 183
197 206
197 348
197 433
197 464
197 497
197 552
197 715
197 818
197 917
197 987
198 45
198 46
198 174
198 259
198 342
198 405
198 542
198 602
198 805
198 851
198 980
199 17
199 192
199 348
199 480
199 520
199 823
199 827
199 913
199 920
199 938
199 990
200 73
200 134
200 310
200 323
200 448
200 678
200 774
201 40
201 334
201 387
201 465
201 522
201 567
201 615
201 661
201 754
201 812
201 856
201 869
201 911
202 106
202 305
202 426
202 568
202 756
202 786
202 820
202 871
202 908
203 15
203 61
203 77
203 152
203 193
203 237
203 378
203 419
203 478
203 491
203 580
203 738
203 758
203 859
203 884
203 946
204 187
204 238
204 323
204 381
204 425
204 501
204 815
204 843
205 17
205 58
205 157
205 171
205 684
205 962
205 999
206 9
206 98
206 117
206 158
206 347
206 536
206 823
206 825
206 905
206 986
206 997
207 10
207 172
207 200
207 265
207 436
207 467
207 477
207 666
207 795
208 32
208 98
208 122
208 149
208 304
208 396
208 423
208 506
208 655
208 657
208 708
208 715
209 21
209 80
209 177
209 528
209 537
209 540
209 741
209 787
209 846
209 911
210 19
210 139
210 395
210 425
210 493
210 520
210 596
210 635
210 844
210 872
211 65
211 183
211 259
211 316
211 343
211 485
211 561
211 626
211 714
211 736
211 888
211 892
212 80
212 152
212 191
212 199
212 605
212 608
212 624
212 754
212 854
212 955
213 32
213 37
213 61
213 274
213 459
213 515
213 587
213 844
213 921
213 983
213 995
214 59
214 213
214 242
214 271
214 301
214 399
214 436
214 515
214 567
214 795
214 831
214 888
214 948
214 978
215 163
215 475
215 637
215 642
215 930
216 13
216 47
216 75
216 80
216 84
216 223
216 567
216 654
216 975
217 161
217 288
217 442
217 522
217 538
217 751
217 863
218 177
218 408
218 515
218 549
218 603
218 676
218 826
218 911
218 933
218 966
218 972
219 82
219 158
219 328
219 409
219 520
219 687
219 837
220 91
220 182
220 262
220 674
220 700
220 860
220 900
221 133
221 201
221 459
221 523
221 536
221 618
221 771
221 775
221 957
222 74
222 115
222 177
222 556
222 711
222 737
222 741
222 845
222 916
222 975
223 32
223 101
223 128
223 239
223 298
223 341
223 502
223 629
223 832
224 15
224 51
224 133
224 180
224 295
224 458
224 511
224 557
224 751
224 794
224 813
225 53
225 97
225 117
225 125
225 272
225 444
225 645
225 717
225 776
225 829
225 882
226 7
226 60
226 191
226 220
226 256
226 370
226 861
226 905
227 45
227 96
227 148
227 198
227 240
227 419
227 467
227 479
227 873
227 942
228 4
228 177
228 310
228 400
228 596
228 637
228 651
228 683
228 822
228 855
229 4
229 18
229 165
229 422
229 463
229 540
229 653
229 688
229 781
229 942
229 956
229 988
230 25
230 110
230 132
230 275
230 348
230 360
230 433
230 681
230 745
230 832
230 874
230 882
230 975
231 68
231 124
231 196
231 197
231 200
231 276
231 289
231 314
231 672
231 707
231 764
231 808
231 818
231 831
231 1000
232 145
232 384
232 395
232 560
232 633
232 654
232 769
232 808
232 921
232 986
233 75
233 231
233 280
233 369
233 435
233 566
234 133
234 312
234 387
234 752
234 873
234 973
234 976
235 51
235 83
235 132
235 134
235 489
235 533
235 727
235 825
235 838
235 922
236 45
236 137
236 153
236 255
236 467
236 469
236 591
236 744
236 772
236 822
236 868
236 945
237 67
237 167
237 258
237 305
237 391
237 573
237 590
237 678
237 682
237 806
237 853
237 907
237 975
238 392
238 434
238 714
238 732
238 789
238 882
238 898
238 936
238 990
239 277
239 282
239 360
239 402
239 487
239 489
239 751
239 779
239 860
239 898
239 904
239 974
240 208
240 281
240 426
240 496
240 565
240 620
240 885
240 904
241 1
241 195
241 292
241 641
241 663
241 779
241 814
241 859
242 35
242 70
242 145
242 218
242 296
242 384
242 472
242 547
242 562
242 574
242 575
242 667
242 972
243 7
243 41
243 84
243 140
243 282
243 535
243 747
243 849
244 11
244 190
244 196
244 382
244 628
244 731
244 862
244 909
245 179
245 183
245 282
245 404
245 498
245 628
245 660
245 845
245 866
245 939
246 31
246 44
246 60
246 66
246 108
246 199
246 216
246 219
246 423
246 563
246 571
246 695
246 852
246 999
247 10
247 83
247 101
247 327
247 438
247 571
247 722
247 922
247 966
248 16
248 24
248 99
248 223
248 309
248 343
248 423
248 568
248 692
248 842
249 34
249 180
249 233
249 309
249 319
249 354
249 362
249 398
249 528
249 577
249 580
249 590
249 610
249 626
249 734
250 45
250 238
250 301
250 524
250 565
250 791
251 14
251 26
251 75
251 111
251 129
251 161
251 318
251 564
251 697
251 919
251 995
251 999
252 1
252 208
252 211
252 288
252 290
252 293
252 459
252 748
252 778
252 880
252 921
253 38
253 155
253 316
253 323
253 338
253 378
253 398
253 441
253 505
253 523
253 548
253 570
253 713
253 820
253 846
253 992
253 996
254 177
254 296
254 420
254 496
254 498
254 795
254 867
254 925
255 24
255 119
255 132
255 220
255 466
255 511
255 545
255 640
255 893
255 911
255 919
256 66
256 231
256 392
256 435
256 445
256 500
256 570
256 722
256 815
257 10
257 19
257 179
257 203
257 294
257 445
257 468
257 638
257 683
257 719
257 752
257 906
258 393
258 410
258 449
258 454
258 499
258 521
258 769
258 891
259 143
259 465
259 594
259 610
259 613
259 728
259 777
259 837
260 15
260 67
260 341
260 412
260 467
260 706
260 752
260 760
260 792
261 220
261 397
261 454
261 554
261 670
261 781
261 874
261 984
261 994
262 249
262 437
262 513
262 701
262 864
262 872
262 881
262 917
263 115
263 176
263 315
263 331
263 364
263 598
263 748
263 761
263 765
263 853
263 930
264 125
264 169
264 647
264 655
264 713
264 803
264 806
264 918
265 50
265 70
265 253
265 257
265 323
265 419
265 712
265 800
265 982
266 15
266 54
266 776
266 815
266 846
266 847
266 891
266 970
267 92
267 95
267 106
267 129
267 358
267 393
267 401
267 428
267 516
267 960
268 44
268 90
268 910
269 297
269 389
269 549
269 716
269 728
270 83
270 86
270 377
270 505
270 867
270 909
270 926
270 940
271 155
271 230
271 413
271 430
271 478
271 481
271 543
271 571
271 613
271 636
271 752
271 842
271 921
271 984
272 21
272 26
272 131
272 214
272 274
272 406
272 423
272 506
272 512
272 628
272 851
273 37
273 139
273 471
273 557
273 648
273 866
273 914
274 114
274 420
274 718
274 816
274 870
274 912
274 940
275 1
275 98
275 264
275 370
275 448
275 560
275 590
275 599
275 752
275 776
276 22
276 67
276 97
276 193
276 234
276 463
276 475
276 713
276 738
276 808
276 892
276 920
277 47
277 227
277 371
277 442
277 556
277 644
277 686
277 925
277 930
277 952
277 988
278 371
278 459
278 490
278 510
278 570
278 595
278 630
278 668
278 682
278 986
279 20
279 413
279 415
279 511
279 567
279 771
279 816
280 38
280 65
280 70
280 157
280 201
280 210
280 219
280 312
280 361
280 456
280 465
280 545
280 552
280 618
280 763
280 807
280 868
280 979
281 99
281 130
281 306
281 440
281 679
281 692
281 892
282 34
282 167
282 202
282 290
282 386
282 442
282 509
282 736
282 756
282 817
282 873
282 911
282 926
283 31
283 202
283 502
283 602
283 683
283 770
283 839
284 199
284 281
284 453
284 625
284 790
284 797
284 864
285 133
285 144
285 403
285 659
285 746
285 884
286 37
286 80
286 99
286 149
286 248
286 335
286 418
286 516
286 635
286 685
286 743
286 849
286 853
286 941
287 76
287 85
287 214
287 221
287 256
287 362
287 398
287 556
287 608
287 684
287 909
287 995
288 16
288 212
288 451
288 546
288 606
288 616
288 673
288 758
288 762
288 832
288 951
289 52
289 217
289 274
289 278
289 425
289 504
289 549
289 594
289 902
290 31
290 77
290 121
290 306
290 352
290 565
290 661
290 670
290 702
290 748
290 904
290 911
291 143
291 321
291 364
291 457
291 486
291 768
291 792
291 835
291 880
291 907
292 44
292 180
292 223
292 435
292 663
292 674
292 819
292 841
293 35
293 253
293 287
293 358
293 434
293 462
293 552
293 715
293 731
293 868
293 938
294 77
294 173
294 227
294 244
294 296
294 515
294 548
294 590
294 619
294 674
294 782
294 796
295 94
295 108
295 144
295 249
295 577
295 716
295 768
295 886
295 903
295 922
295 979
295 1000
296 79
296 147
296 346
296 516
296 535
296 587
296 677
296 680
296 762
296 764
297 76
297 85
297 116
297 160
297 255
297 313
297 452
297 530
297 590
297 704
297 836
297 915
297 968
297 987
298 181
298 212
298 266
298 301
298 323
298 364
298 406
298 412
298 495
298 517
298 539
298 671
298 751
298 780
298 792
298 809
298 973
299 48
299 68
299 71
299 105
299 189
299 231
299 262
299 278
299 581
299 647
299 660
299 708
299 767
299 831
299 853
299 904
299 968
300 33
300 49
300 56
300 74
300 213
300 235
300 254
300 256
300 264
300 690
300 762
300 783
300 851
300 852
301 4
301 41
301 222
301 479
301 620
301 791
301 827
301 836
301 846
301 957
302 201
302 314
302 424
302 461
302 599
302 684
302 752
302 974
303 167
303 168
303 339
303 533
303 589
303 765
304 12
304 224
304 290
304 655
304 757
304 849
304 947
305 42
305 207
305 410
305 452
305 519
305 520
305 666
305 759
305 781
305 861
305 907
305 919
305 929
305 942
306 30
306 82
306 120
306 230
306 372
306 512
306 582
306 593
306 652
306 687
306 756
306 813
306 925
306 929
307 219
307 335
307 356
307 438
307 650
307 675
307 803
308 41
308 62
308 116
308 124
308 207
308 318
308 382
308 543
308 879
309 239
309 252
309 334
309 468
309 586
309 701
309 736
309 750
309 797
309 989
310 105
310 123
310 155
310 195
310 347
310 375
310 378
310 509
310 608
310 631
310 645
310 647
310 700
310 836
310 987
311 417
311 467
311 644
311 691
311 734
311 836
311 870
312 176
312 337
312 729
312 822
312 846
313 347
313 451
313 497
313 576
314 65
314 109
314 114
314 202
314 217
314 231
314 274
314 286
314 403
314 676
314 699
314 718
314 761
314 779
314 786
314 897
314 903
315 71
315 325
315 570
315 608
315 645
315 892
315 920
315 943
315 950
315 986
316 68
316 393
316 413
316 422
316 458
316 530
316 593
316 757
316 876
316 968
317 28
317 32
317 449
317 466
317 522
317 562
317 593
317 597
317 616
317 630
317 775
317 977
318 44
318 61
318 253
318 257
318 416
318 580
318 762
318 992
319 210
319 273
319 345
319 411
319 492
319 619
319 651
319 743
319 845
319 865
319 870
319 974
320 52
320 62
320 119
320 259
320 306
320 474
320 611
320 722
320 781
320 899
321 133
321 266
321 286
321 345
321 696
321 713
321 808
321 852
322 435
322 446
322 465
322 508
322 558
322 805
322 871
322 917
323 3
323 116
323 770
324 102
324 189
324 197
324 252
324 343
324 395
324 451
324 508
324 531
324 565
324 570
324 596
324 695
324 725
324 866
325 4
325 73
325 90
325 144
325 388
325 392
325 518
325 739
325 757
325 810
325 815
325 828
325 867
325 877
325 900
325 931
325 968
325 983
326 138
326 152
326 206
326 625
326 682
326 694
326 975
326 1000
327 12
327 145
327 225
327 274
327 313
327 743
328 132
328 169
328 436
328 518
328 528
328 571
328 666
328 718
328 721
328 883
328 961
329 32
329 356
329 392
329 413
329 521
329 614
329 659
329 672
329 693
329 815
329 965
330 39
330 99
330 107
330 316
330 448
330 780
330 921
330 979
331 69
331 108
331 264
331 389
331 505
331 552
331 712
331 750
331 862
332 452
332 570
332 591
332 624
332 649
332 683
332 749
332 814
332 828
332 890
333 3
333 134
333 172
333 260
333 342
333 394
333 530
333 555
333 656
333 667
333 804
333 918
333 938
334 341
334 365
334 407
334 801
334 879
334 891
335 58
335 67
335 318
335 388
335 472
335 751
335 793
335 998
336 7
336 69
336 122
336 127
336 158
336 167
336 169
336 211
336 253
336 464
337 121
337 234
337 454
337 538
337 559
337 812
337 899
338 168
338 245
338 390
338 651
338 802
338 820
338 831
338 977
339 58
339 154
339 182
339 269
339 302
339 320
339 472
339 601
339 718
339 728
339 963
340 31
340 86
340 364
340 482
340 779
340 833
341 218
341 395
341 480
341 640
341 677
341 858
341 926
341 930
341 947
341 969
342 3
342 184
342 197
342 275
342 302
342 390
342 404
342 545
342 616
342 680
342 811
342 890
343 182
343 189
343 195
343 210
343 231
343 464
343 477
343 580
343 811
344 10
344 19
344 80
344 174
344 179
344 191
344 271
344 376
344 494
344 504
344 638
344 783
344 846
344 867
344 968
344 998
345 140
345 224
345 318
345 517
345 646
345 653
345 812
345 845
345 959
346 105
346 253
346 409
346 438
346 473
346 475
346 526
346 538
346 541
346 671
346 687
346 837
346 917
346 934
346 952
346 980
346 986
347 167
347 313
347 379
347 411
347 422
347 453
347 587
347 596
347 808
347 853
348 99
348 210
348 339
348 402
348 506
348 535
348 563
349 82
349 504
349 562
349 641
349 654
349 668
349 958
349 961
350 87
350 172
350 408
350 572
350 601
350 651
350 677
350 734
350 757
351 129
351 254
351 267
351 395
351 653
351 745
351 929
352 152
352 170
352 172
352 173
352 245
352 276
352 496
352 518
352 913
353 166
353 281
353 324
353 374
353 489
353 604
353 670
353 901
354 72
354 107
354 287
354 815
354 857
354 945
355 218
355 228
355 280
355 422
355 541
355 570
355 602
356 62
356 67
356 204
356 286
356 386
356 441
356 516
356 573
356 792
356 917
356 986
357 51
357 185
357 199
357 405
357 924
358 12
358 313
358 338
358 540
358 566
358 586
358 848
358 881
358 900
359 9
359 336
359 625
359 686
359 846
359 966
360 78
360 246
360 303
360 329
360 372
360 621
360 657
360 731
360 798
360 849
360 903
361 105
361 287
361 394
361 460
361 472
362 1
362 88
362 392
362 431
362 466
362 555
362 671
362 866
362 970
362 990
363 161
363 239
363 409
363 460
363 476
363 479
363 555
363 575
363 585
363 629
363 657
363 670
363 721
363 802
363 821
363 935
364 14
364 82
364 132
364 546
364 656
364 767
364 817
365 292
365 339
365 343
365 395
365 426
365 446
365 672
366 62
366 228
366 272
366 333
366 349
366 425
366 452
366 467
366 648
366 852
366 920
366 991
367 132
367 202
367 293
367 315
367 376
367 433
367 663
367 817
367 907
368 62
368 75
368 127
368 221
368 360
368 386
368 614
368 694
368 822
368 866
369 127
369 133
369 361
369 414
369 574
369 639
369 754
369 848
370 80
370 103
370 199
370 253
370 312
370 506
370 515
370 599
370 870
370 872
370 888
370 889
370 998
371 59
371 180
371 213
371 285
371 408
371 487
371 495
371 649
371 772
371 910
371 970
372 143
372 264
372 341
372 365
372 441
373 316
373 325
373 398
373 524
373 653
373 804
373 893
373 895
374 12
374 55
374 109
374 121
374 207
374 236
374 331
374 335
374 342
374 360
374 661
374 686
374 767
374 873
374 879
374 913
374 988
375 26
375 31
375 182
375 226
375 370
375 619
375 620
375 635
375 684
376 8
376 149
376 179
376 212
376 226
376 261
376 369
376 412
376 420
376 460
376 483
376 502
376 651
376 766
376 812
377 123
377 183
377 221
377 284
377 535
377 579
377 615
377 639
377 698
377 830
377 857
378 328
378 389
378 515
378 548
378 554
378 585
378 614
378 749
378 887
378 989
379 23
379 130
379 267
379 306
379 501
379 626
379 767
379 840
379 869
379 945
379 976
380 104
380 114
380 126
380 280
380 384
380 403
380 532
380 800
381 69
381 84
381 263
381 331
381 395
381 543
381 851
381 936
382 95
382 148
382 617
382 827
382 961
382 995
383 139
383 278
383 319
383 458
383 502
383 645
383 679
384 58
384 107
384 134
384 161
384 358
384 393
384 472
384 533
384 693
384 722
384 864
384 930
385 141
385 263
385 333
385 669
386 97
386 101
386 469
386 492
386 501
386 553
386 697
386 805
387 621
387 781
388 208
388 243
388 248
388 293
388 318
388 567
388 582
388 702
388 787
388 809
388 994
389 116
389 354
389 450
389 502
389 509
389 725
389 926
389 978
390 12
390 18
390 60
390 259
390 267
390 277
390 397
390 813
390 898
390 909
390 924
391 88
391 179
391 232
391 270
391 418
391 521
391 671
391 784
391 953
391 976
392 71
392 326
392 584
392 598
393 75
393 86
393 141
393 150
393 177
393 550
393 565
393 694
393 707
393 754
393 848
393 885
394 98
394 149
394 333
394 373
394 449
394 504
394 685
394 773
394 799
394 872
395 57
395 61
395 151
395 289
395 294
395 325
395 379
395 621
395 657
395 701
395 715
395 718
395 862
396 5
396 443
396 511
396 607
396 638
396 639
396 701
396 719
396 865
396 942
397 17
397 76
397 697
397 703
398 90
398 258
398 306
398 921
398 978
399 51
399 250
399 269
399 315
399 496
399 503
399 573
399 690
399 699
399 843
399 896
400 51
400 261
400 303
400 537
400 624
400 723
400 806
400 815
400 889
401 81
401 211
401 427
401 429
401 467
401 472
401 503
401 527
401 550
401 751
401 765
401 979
402 161
402 245
402 389
402 408
402 510
402 623
402 759
402 795
402 803
402 949
403 60
403 83
403 84
403 110
403 295
403 315
403 416
403 460
403 514
404 10
404 426
404 458
404 519
404 822
404 866
404 902
405 51
405 97
405 194
405 304
405 592
405 795
405 932
406 171
406 248
406 350
406 520
406 611
406 628
406 737
406 747
406 853
406 890
406 984
407 15
407 216
407 226
407 311
407 312
407 329
407 586
407 622
407 664
408 61
408 237
408 247
408 363
408 384
408 485
408 701
408 726
408 860
408 924
409 8
409 81
409 134
409 185
409 225
409 274
409 322
409 327
409 609
409 708
409 814
409 838
409 901
409 927
410 97
410 119
410 122
410 199
410 318
410 332
410 366
410 448
410 591
410 625
410 744
411 17
411 260
411 354
411 371
411 392
411 439
411 486
411 574
411 707
411 725
411 861
412 46
412 62
412 67
412 99
412 274
412 399
412 504
412 563
412 605
412 615
412 733
412 966
412 991
413 11
413 165
413 214
413 233
413 287
413 309
413 392
413 633
413 928
413 948
414 60
414 194
414 544
414 554
414 653
414 761
414 815
414 916
415 55
415 294
415 522
415 523
415 533
415 596
415 791
415 808
415 838
415 897
415 907
416 88
416 161
416 282
416 479
416 517
416 625
416 637
416 727
416 868
417 115
417 186
417 251
417 258
417 312
417 381
417 471
417 536
417 730
418 121
418 193
418 295
418 613
418 689
419 175
419 221
419 496
419 619
419 703
419 776
419 865
419 921
419 941
419 979
420 157
420 159
420 606
420 808
420 829
420 971
421 121
421 220
421 379
421 476
421 712
421 943
421 953
422 16
422 138
422 508
422 618
422 624
422 661
422 838
422 952
423 116
423 170
423 524
423 541
423 559
423 621
423 657
423 843
423 958
424 15
424 24
424 65
424 85
424 199
424 278
424 427
424 454
424 527
424 554
424 855
424 884
425 128
425 193
425 271
425 285
425 331
425 458
425 493
425 508
425 760
425 922
426 341
426 380
426 383
426 625
426 704
426 732
426 812
426 909
426 915
427 288
427 318
427 453
427 497
427 554
427 673
427 699
427 769
428 44
428 184
428 355
428 463
428 614
428 703
428 852
428 907
428 955
429 3
429 30
429 183
429 210
429 272
429 332
429 524
429 738
429 784
430 134
430 191
430 245
430 291
430 345
430 372
430 501
430 618
430 662
430 754
430 777
430 880
430 960
431 81
431 275
431 410
431 458
431 474
431 518
431 539
431 855
431 925
431 974
431 988
432 198
432 328
432 551
432 593
432 623
432 646
432 748
433 106
433 150
433 320
433 410
433 415
433 455
433 625
433 652
433 846
433 897
434 84
434 174
434 337
434 398
434 512
434 548
434 764
434 797
434 862
434 979
435 3
435 21
435 217
435 221
435 349
435 421
435 522
435 891
435 976
436 6
436 498
436 545
436 728
436 733
436 772
436 920
436 947
436 998
437 5
437 63
437 111
437 392
437 397
437 400
437 663
437 755
438 126
438 426
438 452
438 659
438 944
439 111
439 135
439 294
439 347
439 495
439 505
439 629
439 729
439 842
440 57
440 326
440 344
440 458
440 594
440 818
440 840
440 845
440 859
440 910
440 949
440 994
441 72
441 211
441 217
441 253
441 304
441 467
441 478
441 531
441 546
441 626
441 699
441 754
441 810
441 836
442 16
442 203
442 229
442 248
442 319
442 432
442 690
442 743
442 761
442 776
442 896
443 32
443 449
443 510
443 597
443 638
443 750
443 817
443 976
443 977
444 94
444 123
444 151
444 525
444 576
444 635
444 676
444 766
444 783
444 962
444 967
445 23
445 221
445 224
445 332
445 474
445 527
445 585
445 658
445 679
445 729
445 938
445 953
446 41
446 59
446 156
446 246
446 293
446 455
446 476
446 671
446 683
446 735
446 811
446 877
446 979
447 145
447 284
447 499
447 541
447 567
447 651
447 678
447 682
447 936
447 994
448 31
448 40
448 93
448 98
448 108
448 206
448 399
448 564
448 590
448 636
448 665
448 853
448 908
448 975
449 58
449 116
449 163
449 196
449 199
449 253
449 330
449 395
449 577
449 603
449 607
449 635
449 731
449 842
450 212
450 234
450 273
450 619
450 650
450 741
450 827
450 921
450 956
451 49
451 89
451 248
451 260
451 272
451 551
451 574
451 645
451 690
451 742
452 91
452 118
452 132
452 136
452 194
452 247
452 263
452 579
452 741
452 838
452 839
452 859
452 914
452 927
452 928
452 957
453 111
453 212
453 269
453 363
453 373
453 424
453 611
453 692
453 736
453 753
453 774
453 800
453 860
454 10
454 43
454 137
454 828
454 913
455 4
455 165
455 190
455 433
455 441
455 630
456 192
456 198
456 228
456 428
456 552
456 719
456 826
456 833
456 890
456 956
457 134
457 241
457 396
457 515
457 517
457 543
457 723
457 802
457 960
457 982
458 4
458 9
458 31
458 54
458 91
458 189
458 245
458 283
458 328
458 330
458 364
458 403
458 476
458 497
458 525
458 607
458 706
459 25
459 161
459 171
459 187
459 341
459 488
459 607
459 611
459 622
459 688
459 795
459 820
459 977
459 985
460 55
460 72
460 143
460 237
460 238
460 332
460 384
460 432
460 499
460 701
460 702
460 758
460 776
460 902
460 991
461 204
461 442
461 501
461 606
461 698
461 703
461 750
461 793
461 799
461 912
461 935
462 75
462 258
462 354
462 386
462 493
462 585
462 751
463 161
463 337
463 372
463 611
463 624
463 723
463 813
463 863
463 969
464 501
464 530
464 604
464 868
464 887
464 944
465 66
465 78
465 164
465 215
465 304
465 367
465 373
465 584
465 749
465 755
465 851
465 947
465 993
466 36
466 138
466 208
466 272
466 365
466 382
466 426
466 588
466 817
466 861
466 926
466 937
466 966
467 151
467 407
467 450
467 459
467 519
467 522
467 690
467 903
467 907
468 7
468 48
468 214
468 294
468 296
468 299
468 417
468 453
468 476
468 874
469 19
469 292
469 440
469 442
469 631
469 720
469 777
469 921
470 25
470 106
470 169
470 175
470 263
470 270
470 327
470 410
470 484
470 955
470 989
471 20
471 84
471 183
471 303
471 400
471 595
471 702
471 780
471 993
472 3
472 70
472 160
472 236
472 242
472 275
472 402
472 458
472 495
473 77
473 138
473 275
473 497
473 635
473 720
473 730
473 813
474 113
474 263
474 544
474 770
474 849
474 947
474 968
475 9
475 45
475 350
475 364
475 609
475 713
475 768
475 843
475 937
476 55
476 247
476 270
476 320
476 352
476 501
476 521
476 588
476 741
476 801
476 836
476 870
476 987
477 187
477 407
477 794
477 802
477 985
478 72
478 117
478 186
478 227
478 587
478 591
478 685
478 693
478 740
478 822
478 834
478 994
478 996
479 37
479 111
479 226
479 234
479 285
479 337
479 369
479 379
479 440
479 499
479 630
479 656
479 996
480 147
480 166
480 225
480 260
480 297
480 366
480 376
480 521
480 538
480 642
480 827
480 939
480 991
481 345
481 414
481 784
481 900
482 77
482 232
482 258
482 343
482 371
482 665
482 682
482 718
482 753
482 983
482 989
483 8
483 16
483 48
483 52
483 69
483 313
483 467
483 621
483 635
483 742
483 909
483 993
484 79
484 81
484 177
484 194
484 231
484 265
484 312
484 442
484 543
484 726
484 851
485 213
485 325
485 353
485 804
485 936
485 983
485 994
486 26
486 72
486 99
486 111
486 118
486 284
486 316
486 326
486 355
486 440
486 472
486 602
486 659
486 780
486 794
486 946
486 982
487 31
487 46
487 116
487 175
487 252
487 325
487 373
487 511
487 543
487 579
487 620
487 645
488 160
488 172
488 190
488 324
488 365
488 387
488 424
488 428
488 446
488 568
488 584
488 650
488 988
489 82
489 555
489 725
489 781
489 947
490 91
490 101
490 187
490 322
490 335
490 344
490 384
490 386
490 530
490 565
490 586
490 643
490 700
490 716
490 997
491 167
491 219
491 302
491 343
491 427
491 547
491 589
491 622
491 710
491 828
491 908
491 959
491 988
492 82
492 190
492 316
492 547
492 569
492 621
492 729
492 740
492 811
492 866
492 869
493 29
493 31
493 198
493 345
493 350
493 410
493 708
493 720
493 743
493 773
493 841
493 905
493 968
493 980
494 20
494 81
494 375
494 448
494 919
494 974
495 67
495 295
495 375
495 382
495 836
495 839
496 155
496 406
496 716
496 870
497 117
497 203
497 266
497 439
497 468
497 486
497 582
497 705
497 742
497 789
497 810
497 872
498 3
498 131
498 310
498 311
498 418
498 517
498 706
499 75
499 185
499 343
499 423
499 589
499 592
499 610
499 658
499 697
500 29
500 54
500 149
500 213
500 247
500 323
500 489
500 518
500 814
500 887
501 13
501 388
501 420
501 444
501 471
501 634
501 640
501 798
501 807
501 835
501 945
501 957
501 993
502 51
502 106
502 127
502 138
502 190
502 245
502 584
502 607
502 673
502 674
502 693
502 919
502 954
503 30
503 68
503 149
503 330
503 373
503 879
503 933
504 440
504 528
504 566
504 569
505 472
505 598
505 621
505 643
505 674
505 752
505 755
505 809
505 839
505 850
505 932
505 993
506 44
506 85
506 133
506 223
506 382
506 391
506 684
506 712
507 21
507 88
507 118
507 155
507 197
507 265
507 376
507 455
507 568
507 627
507 842
507 936
508 104
508 239
508 259
508 292
508 360
508 407
508 495
508 536
508 561
508 714
509 86
509 103
509 145
509 180
509 349
509 353
509 420
509 518
509 537
509 542
509 678
509 688
509 792
509 799
509 883
509 909
509 918
509 957
510 120
510 279
510 317
510 330
510 337
510 448
510 508
510 614
510 869
511 344
511 359
511 467
511 582
511 621
511 704
511 852
511 909
511 914
511 935
511 945
511 962
512 66
512 256
512 358
512 362
512 521
512 706
512 804
513 94
513 95
513 219
513 558
513 592
513 715
513 748
513 768
513 918
514 49
514 53
514 412
514 496
514 516
514 744
514 760
514 904
514 993
515 132
515 176
515 214
515 218
515 239
515 367
515 420
515 590
515 711
515 799
515 836
515 952
516 216
516 228
516 257
516 276
516 558
516 606
517 7
517 25
517 61
517 266
517 331
517 352
517 447
517 626
517 693
517 755
517 876
517 937
517 992
518 13
518 95
518 117
518 396
518 629
518 777
518 871
518 930
519 93
519 242
519 249
519 382
519 471
519 535
519 763
519 949
520 397
520 485
520 488
520 572
520 641
520 765
520 790
520 916
520 979
521 105
521 341
521 351
521 549
521 609
521 631
521 673
521 891
522 202
522 203
522 406
522 534
522 620
522 670
522 936
522 938
522 939
523 55
523 138
523 367
523 383
523 530
523 710
523 881
524 58
524 68
524 163
524 428
524 452
524 468
524 568
524 629
524 666
524 855
524 895
525 2
525 10
525 14
525 104
525 130
525 302
525 476
525 968
526 31
526 240
526 250
526 344
526 379
526 417
526 733
526 810
526 992
527 40
527 54
527 107
527 126
527 177
527 263
527 282
527 334
527 372
527 377
527 474
527 551
527 563
527 630
527 785
528 70
528 81
528 240
528 242
528 297
528 307
528 311
528 444
528 449
528 475
528 585
528 653
528 694
528 870
529 59
529 89
529 297
529 348
529 513
529 537
529 742
529 910
529 952
529 968
530 301
530 380
530 464
530 518
530 587
530 597
530 694
530 905
530 957
530 969
531 124
531 256
531 309
531 655
531 707
531 721
531 913
531 936
531 968
532 42
532 62
532 404
532 447
532 499
532 610
532 668
532 801
532 899
533 107
533 129
533 132
533 203
533 316
533 407
533 439
533 786
533 805
533 839
533 950
534 55
534 171
534 197
534 555
534 817
534 819
534 897
534 994
535 17
535 100
535 107
535 125
535 175
535 446
535 649
535 690
535 712
536 324
536 552
536 776
536 870
536 989
537 132
537 142
537 210
537 382
537 386
537 389
537 532
537 534
537 805
537 821
537 828
537 895
537 898
537 943
537 964
537 967
538 93
538 134
538 190
538 356
538 496
538 564
538 638
538 729
538 861
538 985
539 98
539 437
539 438
539 451
539 775
539 778
540 297
540 613
540 711
540 729
540 822
540 889
541 14
541 167
541 373
541 422
541 459
541 556
541 618
541 663
542 111
542 279
542 373
542 465
542 651
542 772
542 838
542 876
542 878
542 947
543 28
543 93
543 137
543 176
543 270
543 452
543 650
543 747
543 935
543 993
544 200
544 643
544 682
544 693
544 768
544 769
545 75
545 83
545 110
545 124
545 151
545 169
545 263
545 295
545 302
545 352
545 407
545 456
545 581
545 758
545 914
546 130
546 335
546 360
546 367
546 437
546 500
546 570
546 670
546 823
546 888
546 991
547 290
547 317
547 404
547 475
547 946
548 22
548 242
548 336
548 400
548 437
548 586
548 657
548 699
548 854
548 969
548 971
549 35
549 43
549 130
549 514
550 121
550 164
550 300
550 489
550 717
550 743
550 765
551 7
551 23
551 43
551 254
551 300
551 340
551 620
551 640
551 987
552 18
552 23
552 83
552 179
552 210
552 211
552 294
552 341
552 436
552 461
552 696
552 931
552 957
552 984
553 99
553 130
553 335
553 626
553 748
553 820
554 62
554 74
554 259
554 297
554 482
554 500
554 764
554 857
555 30
555 48
555 111
555 183
555 585
555 658
555 825
555 854
555 889
555 903
555 944
555 988
555 997
556 265
556 506
556 517
556 664
556 801
556 881
556 899
556 920
556 933
557 2
557 34
557 44
557 122
557 133
557 209
557 227
557 323
557 375
557 402
557 419
557 490
557 656
557 717
558 1
558 13
558 20
558 133
558 379
558 469
558 610
558 640
558 805
558 819
558 930
559 18
559 73
559 184
559 449
559 469
559 504
559 585
559 635
559 938
560 283
560 530
560 593
560 691
560 728
561 210
561 399
561 426
561 446
561 497
561 627
561 935
562 85
562 157
562 253
562 402
562 576
562 639
562 701
562 728
562 827
562 860
562 878
562 943
563 155
563 187
563 189
563 230
563 286
563 311
563 428
563 526
563 655
563 729
563 740
563 835
563 885
563 944
563 979
563 984
564 86
564 143
564 279
564 302
564 325
564 720
564 742
564 790
564 830
564 863
565 91
565 363
565 415
565 435
565 458
565 490
565 657
565 665
565 884
565 953
565 962
566 44
566 286
566 529
566 545
566 569
566 683
566 752
566 891
566 988
567 282
567 351
567 366
567 650
567 818
567 833
567 926
567 935
568 9
568 417
568 427
568 798
568 806
568 890
569 145
569 395
569 583
569 589
569 630
569 657
569 692
569 729
569 839
569 939
570 131
570 167
570 689
570 831
571 55
571 127
571 228
571 261
571 363
571 612
571 741
571 764
571 863
571 948
571 963
572 80
572 133
572 271
572 601
572 637
572 657
572 845
572 919
573 33
573 161
573 206
573 283
573 323
573 502
573 545
573 825
573 835
574 503
574 657
574 822
574 974
574 980
575 241
575 334
575 543
575 589
575 596
575 788
575 949
576 260
576 348
576 389
576 540
576 619
576 656
576 781
577 42
577 150
577 243
577 386
577 483
577 485
577 499
577 509
577 683
577 701
578 92
578 174
578 600
578 655
578 820
578 883
579 54
579 148
579 162
579 311
579 394
579 547
579 550
579 553
579 680
579 694
579 804
579 943
579 992
580 469
580 536
580 582
580 591
580 628
580 735
580 871
580 970
580 983
581 395
581 409
581 421
581 483
581 514
581 534
581 608
581 649
581 710
581 775
581 849
581 885
582 63
582 119
582 167
582 291
582 365
582 385
582 488
582 557
582 583
582 675
582 939
582 965
583 99
583 161
583 222
583 287
583 299
583 402
583 454
583 461
583 528
583 623
583 659
583 673
583 932
583 987
584 37
584 131
584 139
584 160
584 216
584 431
584 444
584 706
584 738
584 776
584 817
584 843
585 37
585 281
585 643
585 851
586 235
586 270
586 271
586 283
586 464
586 552
586 573
586 803
586 917
586 985
587 79
587 128
587 179
587 231
587 365
587 543
587 648
587 694
587 768
587 791
587 841
587 930
588 83
588 208
588 303
588 413
588 520
588 549
588 701
588 723
588 771
588 777
588 807
588 821
588 917
588 972
589 71
589 80
589 162
589 388
589 416
589 430
589 433
589 480
589 672
589 871
589 957
590 170
590 254
590 322
590 710
590 798
590 822
590 889
591 1
591 263
591 386
591 484
591 555
591 578
591 604
591 610
591 646
591 672
591 821
591 981
592 15
592 56
592 122
592 387
592 472
592 493
592 552
592 569
592 721
592 758
593 42
593 53
593 81
593 97
593 174
593 494
593 555
593 565
593 662
593 707
593 843
593 900
594 77
594 92
594 202
594 216
594 275
594 348
594 414
594 440
594 617
594 619
594 635
594 724
594 754
594 842
595 6
595 27
595 188
595 313
595 612
595 664
595 670
595 849
596 170
596 225
596 249
596 427
596 529
596 564
596 616
596 801
596 892
596 973
597 909
598 161
598 171
598 513
599 52
599 115
599 246
599 273
599 414
599 433
599 468
599 581
599 762
600 117
600 172
600 284
600 406
600 418
600 436
600 640
600 667
600 699
600 883
600 910
600 951
601 154
601 289
601 395
601 452
601 498
601 574
601 647
601 680
601 732
601 754
601 885
602 4
602 468
602 684
602 738
602 763
602 769
602 801
602 999
603 50
603 130
603 215
603 240
603 292
603 458
603 576
603 760
603 801
603 802
603 807
603 879
603 929
604 45
604 258
604 335
604 577
604 589
604 939
604 963
605 221
605 237
605 389
605 460
605 790
606 71
606 295
606 322
606 406
606 450
606 542
606 622
606 710
606 892
606 977
606 998
607 114
607 152
607 418
607 487
607 521
607 587
607 605
607 837
607 843
608 125
608 168
608 294
608 362
608 448
608 526
608 600
608 717
608 742
608 845
608 924
608 985
608 986
609 86
609 130
609 134
609 200
609 201
609 600
609 618
609 622
609 639
609 640
609 818
609 878
610 30
610 141
610 167
610 257
610 527
610 634
610 647
610 716
610 757
610 775
611 65
611 119
611 693
611 760
612 54
612 94
612 211
612 288
612 308
612 429
612 454
612 550
612 733
612 842
612 896
612 961
613 86
613 101
613 259
613 297
613 395
613 449
613 497
613 530
613 651
613 702
613 744
613 784
613 806
613 891
613 898
613 973
614 182
614 270
614 416
614 440
614 518
614 561
614 629
614 714
614 808
614 814
614 881
614 977
615 214
615 320
615 394
615 411
615 525
615 532
615 572
615 580
615 732
615 791
615 842
616 23
616 30
616 213
616 325
616 382
616 394
616 437
616 551
616 603
616 803
616 860
616 957
616 997
617 53
617 97
617 326
617 346
617 373
617 436
617 571
617 710
617 738
617 757
617 789
617 834
618 35
618 97
618 135
618 233
618 248
618 265
618 480
618 506
618 665
618 682
618 924
618 981
619 7
619 48
619 152
619 241
619 267
619 460
619 495
619 696
619 812
619 934
620 155
620 200
620 244
620 578
620 626
620 681
620 764
620 923
621 174
621 247
621 283
621 439
621 644
621 646
621 994
622 8
622 108
622 112
622 306
622 313
622 399
622 577
623 81
623 86
623 113
623 174
623 180
623 390
623 410
623 439
623 490
623 531
623 640
623 660
623 712
624 56
624 111
624 150
624 745
624 755
624 758
624 869
624 955
625 190
625 368
625 420
625 428
625 476
625 667
625 709
625 840
626 228
626 315
626 341
626 383
626 450
626 552
626 619
626 636
626 845
626 863
626 940
627 19
627 36
627 309
627 338
627 383
627 387
627 535
627 604
627 807
627 926
628 10
628 159
628 360
628 393
628 420
628 422
628 519
628 592
628 681
628 816
628 883
628 894
629 30
629 162
629 175
629 203
629 242
629 274
629 314
629 332
629 535
629 593
629 673
629 715
629 729
629 762
629 993
630 60
630 239
630 492
630 546
630 724
630 778
630 909
631 3
631 34
631 132
631 178
631 205
631 206
631 230
631 322
631 795
631 835
632 43
632 54
632 248
632 282
632 364
632 540
632 565
632 717
632 897
633 20
633 56
633 106
633 225
633 248
633 346
633 401
633 468
633 628
633 730
633 767
633 873
633 969
634 235
634 264
634 353
634 522
634 580
634 626
634 627
634 647
635 89
635 115
635 132
635 159
635 231
635 426
635 437
635 848
635 987
636 85
636 553
636 864
636 999
637 41
637 64
637 86
637 118
637 286
637 379
637 488
637 620
637 794
637 987
638 30
638 182
638 219
638 335
638 467
638 600
638 705
638 773
638 872
638 960
639 60
639 161
639 284
639 325
639 330
639 336
639 421
639 470
639 912
640 11
640 70
640 143
640 161
640 206
640 211
640 256
640 279
640 302
640 396
640 518
640 556
640 561
640 608
640 642
640 763
640 844
640 853
640 879
640 888
640 949
641 66
641 120
641 144
641 219
641 261
641 296
641 498
641 521
641 686
641 697
641 839
641 901
641 980
642 42
642 144
642 224
642 232
642 240
642 264
642 563
642 824
642 891
643 4
643 26
643 132
643 268
643 349
643 453
643 651
643 725
643 814
643 875
644 117
644 212
644 546
644 586
644 625
644 707
644 937
645 3
645 191
645 283
645 292
645 329
645 721
645 781
645 871
645 899
646 10
646 223
646 239
646 392
646 540
646 620
646 676
646 815
646 868
646 906
647 9
647 262
647 397
647 404
647 409
647 490
647 720
647 920
647 927
648 44
648 70
648 79
648 127
648 448
648 599
648 643
648 739
648 942
648 997
649 61
649 141
649 161
649 359
649 416
649 419
649 560
649 625
649 774
649 800
649 809
650 115
650 349
650 398
650 438
650 544
650 610
650 712
650 715
650 718
650 789
650 827
650 856
650 884
651 4
651 14
651 88
651 272
651 306
651 308
651 533
651 586
651 694
651 785
651 912
651 932
652 3
652 67
652 385
652 418
652 450
652 540
652 784
652 804
652 885
652 911
653 17
653 57
653 338
653 340
653 601
653 627
653 634
653 706
653 708
653 832
653 879
654 153
654 455
654 680
654 690
654 787
654 861
655 3
655 7
655 712
655 964
656 67
656 110
656 167
656 187
656 381
656 527
656 779
656 804
656 855
656 951
657 39
657 228
657 250
657 297
657 323
657 324
657 397
657 497
657 527
657 924
658 81
658 107
658 242
658 456
658 485
658 838
658 966
659 83
659 111
659 143
659 416
659 527
659 543
659 668
659 777
659 788
659 822
659 923
660 51
660 163
660 401
660 433
660 461
660 746
660 761
660 781
660 945
661 15
661 19
661 162
661 249
661 331
661 501
661 526
661 590
661 653
661 657
661 671
661 726
661 813
661 973
662 174
662 202
662 401
662 594
662 764
662 924
663 83
663 145
663 181
663 232
663 356
663 471
663 533
663 647
663 709
663 803
663 909
664 137
664 379
664 448
664 467
664 519
664 601
664 645
665 188
665 205
665 241
665 284
665 389
665 520
665 561
665 698
665 906
665 936
665 996
666 59
666 264
666 430
666 592
666 709
666 795
666 850
666 878
667 4
667 124
667 188
667 198
667 320
667 392
667 673
667 870
667 966
668 57
668 197
668 233
668 503
668 507
668 582
668 812
668 828
668 891
669 386
669 389
669 392
669 448
669 527
669 559
669 567
669 664
669 898
670 40
670 41
670 127
670 172
670 204
670 239
670 318
670 383
670 484
670 506
670 881
671 96
671 201
671 229
671 293
671 373
671 404
671 604
671 686
671 690
671 737
672 49
672 61
672 275
672 654
672 796
673 51
673 238
673 282
673 323
673 440
673 443
673 541
673 624
673 798
673 906
674 295
674 365
674 394
674 398
674 485
674 515
674 598
674 621
674 909
675 52
675 73
675 174
675 198
675 364
675 453
675 506
675 620
675 641
675 955
675 988
676 69
676 206
676 284
676 479
676 646
676 835
676 925
677 151
677 293
677 461
677 467
677 536
677 557
677 642
677 673
677 740
677 750
677 972
678 5
678 16
678 18
678 22
678 230
678 268
678 799
678 818
678 913
679 144
679 184
679 235
679 283
679 362
679 369
679 442
679 503
679 526
679 785
679 965
680 5
680 72
680 201
680 249
680 531
680 631
680 798
680 802
680 830
681 43
681 54
681 155
681 185
681 234
681 330
681 396
681 539
681 619
681 780
681 927
682 125
682 136
682 167
682 450
682 482
682 493
682 525
682 600
682 621
682 818
683 109
683 238
683 253
683 299
683 324
683 446
683 490
683 620
683 727
683 729
683 865
683 926
683 974
684 56
684 108
684 197
684 554
684 575
684 672
684 699
684 789
684 827
684 888
684 972
685 184
685 204
685 291
685 294
685 477
685 549
685 689
685 973
686 41
686 172
686 259
686 282
686 620
686 638
686 733
686 817
687 187
687 222
687 252
687 713
687 744
687 777
687 789
687 807
687 980
688 53
688 71
688 104
688 156
688 399
688 426
688 593
688 653
688 696
688 725
688 864
688 898
688 975
689 13
689 174
689 295
689 406
689 429
689 530
689 640
689 976
689 999
690 9
690 100
690 175
690 187
690 282
690 288
690 291
690 302
690 492
690 538
690 573
690 587
690 625
690 709
690 714
690 817
690 819
690 950
691 28
691 182
691 272
691 284
691 417
691 542
691 666
691 785
691 793
691 941
691 965
692 12
692 59
692 141
692 179
692 180
692 345
692 547
692 612
692 772
692 825
693 197
693 227
693 289
693 479
693 565
693 621
693 685
693 764
693 838
694 78
694 166
694 267
694 301
694 384
694 395
694 478
694 482
694 645
694 945
694 956
694 963
695 60
695 117
695 199
695 263
695 305
695 391
695 454
695 530
695 639
695 681
695 686
695 766
695 767
695 822
695 998
696 167
696 171
696 213
696 221
696 265
696 573
696 583
696 664
696 689
697 72
697 85
697 103
697 107
697 175
697 180
697 557
697 720
697 837
698 74
698 185
698 389
698 390
698 414
698 506
698 547
698 571
698 613
698 744
699 69
699 170
699 268
699 320
699 445
699 536
699 537
699 666
699 719
699 843
699 850
699 898
699 992
700 128
700 318
700 348
700 668
700 669
700 702
700 718
700 753
700 858
700 892
700 936
700 986
701 218
701 267
701 449
701 492
701 585
701 612
701 639
701 975
702 108
702 114
702 384
702 462
702 483
702 624
702 774
702 917
702 925
702 986
703 41
703 139
703 158
703 316
703 324
703 379
703 547
703 548
703 688
703 732
703 805
703 965
704 50
704 84
704 187
704 317
704 470
704 477
704 550
705 162
705 164
705 254
705 315
705 501
705 873
705 921
705 922
706 280
706 297
706 422
706 539
706 628
706 649
706 697
706 731
706 823
706 861
706 987
707 32
707 50
707 56
707 160
707 216
707 338
707 460
707 526
707 979
707 998
707 1000
708 223
708 236
708 384
708 416
708 524
708 579
708 815
708 883
708 889
709 171
709 417
709 462
709 647
709 687
709 785
709 813
709 909
710 78
710 151
710 454
710 627
710 649
710 677
710 777
710 906
710 918
711 127
711 156
711 191
711 373
711 404
711 406
711 432
711 609
711 611
711 771
711 917
712 79
712 334
712 489
712 739
712 762
712 863
712 946
712 948
712 983
713 72
713 122
713 280
713 381
713 495
713 674
713 687
713 710
713 735
713 933
713 996
714 172
714 432
714 439
714 472
714 520
714 653
714 683
714 745
714 872
714 877
715 14
715 29
715 215
715 315
715 410
715 571
715 622
715 778
715 813
715 868
715 986
716 64
716 135
716 314
716 342
716 452
716 464
716 465
716 661
716 687
716 702
717 9
717 100
717 228
717 323
717 470
717 700
717 857
717 861
717 904
717 950
718 252
718 421
718 422
718 500
718 542
718 723
718 733
718 739
718 791
718 894
719 30
719 121
719 166
719 733
719 753
719 787
719 816
719 862
719 981
720 46
720 99
720 177
720 274
720 305
720 327
720 437
720 449
720 549
720 690
720 783
720 969
720 987
720 1000
721 199
721 365
721 427
721 559
721 710
721 838
721 972
722 8
722 174
722 200
722 282
722 458
722 646
722 757
722 795
722 857
722 891
722 909
723 58
723 201
723 246
723 258
723 313
723 415
723 491
723 717
723 798
723 838
723 893
723 961
723 968
724 181
724 366
724 377
724 545
724 564
724 567
724 568
724 840
724 862
724 886
724 940
724 947
724 969
725 539
725 868
725 922
725 943
725 977
726 34
726 44
726 120
726 184
726 229
726 289
726 338
726 641
726 760
726 791
726 793
726 799
726 834
726 853
727 31
727 51
727 62
727 74
727 152
727 283
727 366
727 478
727 661
728 103
728 186
728 189
728 216
728 220
728 254
728 270
728 303
728 316
728 389
728 687
728 973
729 4
729 8
729 22
729 125
729 139
729 244
729 343
729 400
729 455
729 493
729 648
729 721
729 728
729 868
729 891
729 924
729 989
730 44
730 72
730 126
730 206
730 222
730 249
730 310
730 357
730 450
730 484
730 719
730 784
730 871
730 909
731 122
731 386
731 423
731 503
731 600
731 612
731 693
731 756
731 764
731 777
731 909
732 311
732 325
732 327
732 331
732 338
732 445
732 491
732 538
732 573
732 609
732 633
732 647
732 790
732 862
732 885
732 902
733 113
733 279
733 464
733 563
733 658
733 811
733 819
733 951
734 112
734 274
734 369
734 404
734 406
734 563
734 634
734 668
734 706
734 717
734 825
734 950
734 1000
735 318
735 489
735 560
735 569
735 747
735 894
736 31
736 145
736 159
736 191
736 452
736 488
736 580
736 661
736 666
736 706
736 751
736 835
737 2
737 31
737 189
737 207
737 264
737 405
737 557
737 642
737 845
737 895
737 911
737 940
738 124
738 127
738 310
738 576
738 799
738 862
738 931
738 943
738 960
738 989
739 70
739 83
739 85
739 116
739 559
739 643
740 12
740 222
740 467
740 570
740 579
740 675
740 676
740 750
740 893
740 934
740 946
741 10
741 199
741 508
741 522
741 552
741 607
741 798
741 829
741 889
741 961
742 140
742 171
742 224
742 357
742 407
742 506
742 628
742 705
742 707
742 764
742 808
742 845
743 38
743 248
743 525
743 565
743 768
743 829
743 929
743 948
744 59
744 120
744 227
744 401
744 634
744 737
744 750
744 799
744 944
745 16
745 128
745 214
745 241
745 263
745 332
745 416
745 423
745 467
745 795
745 908
745 917
746 29
746 337
746 393
746 512
746 588
747 7
747 588
747 615
747 624
747 719
747 878
747 908
748 61
748 130
748 144
748 231
748 348
748 417
748 426
748 808
749 173
749 251
749 273
749 516
749 521
749 530
749 584
749 781
749 950
749 980
750 68
750 92
750 450
750 468
750 478
750 686
750 760
750 789
750 821
750 850
750 932
751 111
751 203
751 371
751 546
751 639
751 851
751 940
752 71
752 96
752 136
752 168
752 231
752 240
752 285
752 465
752 500
752 575
752 618
753 179
753 330
753 657
753 661
753 681
753 739
753 815
753 818
754 33
754 70
754 226
754 267
754 325
754 407
754 468
754 493
754 536
754 588
754 705
755 14
755 88
755 392
755 613
755 638
755 745
755 790
755 944
756 20
756 42
756 426
756 631
756 717
756 834
756 894
757 73
757 110
757 112
757 191
757 207
757 346
757 405
757 608
757 710
757 771
757 922
757 962
758 18
758 35
758 184
758 217
758 289
758 303
758 463
758 533
758 634
758 682
758 727
758 828
758 876
758 911
759 129
759 160
759 257
759 273
759 274
759 362
759 404
759 538
759 542
759 593
759 640
759 682
759 797
759 813
759 912
759 957
760 9
760 56
760 144
760 243
760 269
760 323
760 429
760 495
760 504
760 669
760 722
760 882
760 901
761 202
761 235
761 618
761 621
761 682
761 713
761 796
762 14
762 77
762 131
762 162
762 356
762 426
762 465
762 486
762 502
762 583
762 586
762 800
762 806
762 811
762 855
762 892
763 222
763 266
763 348
763 401
763 454
763 630
763 652
763 706
763 915
764 70
764 105
764 160
764 187
764 202
764 420
764 539
764 670
764 733
764 812
764 966
765 9
765 27
765 146
765 526
765 629
765 744
765 748
765 838
765 899
765 915
766 15
766 214
766 229
766 322
766 454
766 518
767 26
767 52
767 107
767 158
767 210
767 259
767 284
767 725
767 909
768 2
768 10
768 108
768 204
768 223
768 276
768 297
768 451
768 537
768 538
768 652
768 710
768 713
768 871
768 971
768 996
769 190
769 345
769 397
769 796
769 840
769 883
769 937
770 109
770 121
770 193
770 304
770 338
770 593
770 689
770 724
770 853
770 879
770 900
770 920
771 355
771 593
771 622
771 658
771 685
771 963
771 983
772 37
772 40
772 191
772 319
772 328
772 435
772 439
772 528
772 532
772 619
772 660
772 833
772 943
772 954
773 58
773 290
773 340
773 440
773 522
773 570
773 601
773 616
773 661
773 667
773 670
773 704
773 971
773 987
774 64
774 132
774 198
774 221
774 439
774 522
774 541
774 671
774 676
774 701
774 793
774 818
774 858
774 952
775 117
775 148
775 231
775 267
775 285
775 383
775 433
775 465
775 550
775 738
775 755
776 24
776 321
776 396
776 466
776 509
776 549
776 677
776 714
776 721
776 900
776 916
777 56
777 155
777 382
777 425
777 629
777 646
777 763
778 180
778 304
778 373
778 447
778 700
778 800
778 899
778 916
779 76
779 86
779 248
779 550
779 624
779 680
779 874
779 966
780 173
780 345
780 368
780 459
780 585
780 621
780 700
780 707
780 754
780 798
780 918
780 974
781 14
781 178
781 251
781 385
781 405
781 413
781 420
781 592
781 663
781 673
781 732
781 761
782 186
782 265
782 275
782 387
782 930
782 978
782 990
783 224
783 358
783 446
783 613
783 751
783 879
783 944
783 962
784 137
784 255
784 311
784 312
784 334
784 404
784 674
784 683
784 710
784 716
784 739
784 864
784 872
784 910
784 965
784 977
785 74
785 138
785 289
785 290
785 383
785 514
785 671
785 704
785 749
785 981
785 994
786 62
786 89
786 240
786 246
787 4
787 345
787 406
787 605
787 691
787 878
787 955
788 241
788 416
788 438
788 602
788 609
788 992
789 166
789 196
789 240
789 291
789 540
789 660
789 724
789 755
790 82
790 124
790 202
790 206
790 282
790 284
790 339
790 395
790 550
790 812
790 821
790 827
790 857
790 905
790 957
790 974
791 38
791 128
791 263
791 274
791 282
791 337
791 391
791 425
791 696
791 710
791 824
791 940
791 949
791 989
792 406
792 502
792 627
792 772
792 935
792 966
793 24
793 227
793 303
793 451
793 484
793 528
793 636
793 721
793 976
794 61
794 274
794 429
794 574
794 745
794 809
794 967
795 18
795 64
795 309
795 325
795 408
795 473
795 543
795 617
795 628
795 833
796 39
796 77
796 297
796 478
796 614
796 616
796 624
796 698
796 787
796 959
797 77
797 473
797 511
797 594
797 604
797 627
797 653
797 885
797 887
797 948
797 981
798 59
798 123
798 138
798 481
798 662
798 676
798 694
798 722
798 776
798 784
799 6
799 78
799 104
799 150
799 153
799 210
799 273
799 281
799 447
799 540
799 598
799 688
799 845
800 120
800 164
800 225
800 312
800 358
800 508
800 607
800 655
800 660
800 793
800 941
800 978
801 22
801 39
801 98
801 348
801 362
801 414
801 588
801 689
801 693
801 734
801 888
801 966
802 50
802 55
802 164
802 182
802 237
802 287
802 393
802 463
802 476
802 608
802 895
802 964
802 996
803 239
803 270
803 320
803 416
803 539
803 588
803 702
803 724
803 761
803 843
803 881
803 901
804 51
804 62
804 123
804 182
804 414
804 644
804 778
804 795
804 913
804 963
805 154
805 300
805 403
805 577
805 695
805 818
805 820
806 1
806 49
806 134
806 287
806 307
806 368
806 431
806 443
806 615
806 780
806 912
806 923
806 927
806 986
806 992
807 109
807 116
807 138
807 308
807 366
807 387
807 398
807 438
807 643
808 46
808 128
808 249
808 340
808 425
808 431
808 855
808 868
808 954
808 958
809 34
809 44
809 195
809 344
809 454
809 784
809 888
809 949
809 981
809 995
810 93
810 145
810 305
810 426
810 483
810 494
810 515
810 542
810 710
810 914
810 935
810 990
811 102
811 221
811 223
811 451
811 492
811 504
811 604
811 756
811 761
811 767
811 878
811 882
811 899
812 14
812 117
812 226
812 268
812 294
812 503
812 757
812 759
812 847
812 996
813 97
813 155
813 317
813 332
813 877
813 908
814 70
814 121
814 247
814 253
814 331
814 363
814 411
814 650
814 760
814 835
814 870
814 922
814 975
815 114
815 124
815 188
815 225
815 232
815 371
815 500
815 549
815 589
815 624
815 769
815 948
816 43
816 172
816 218
816 353
816 408
816 833
816 927
816 990
817 74
817 251
817 423
817 669
817 839
818 31
818 50
818 295
818 352
818 579
818 594
818 637
818 736
818 757
818 769
819 126
819 249
819 282
819 338
819 346
819 565
819 572
819 685
819 702
819 793
819 861
819 901
819 939
819 947
820 69
820 419
820 541
820 635
820 646
820 757
820 798
820 935
821 55
821 377
821 466
821 531
821 714
821 785
821 796
821 815
821 831
821 868
821 882
822 71
822 151
822 301
822 353
822 365
822 393
822 432
822 474
822 544
822 563
822 686
822 843
823 24
823 321
823 349
823 584
823 620
823 753
823 760
823 811
823 889
823 965
824 82
824 427
824 536
824 723
824 763
824 787
825 80
825 99
825 230
825 464
825 525
825 605
825 647
825 730
825 759
825 958
826 360
826 543
826 570
826 574
826 591
826 655
826 660
826 968
827 8
827 20
827 62
827 158
827 434
827 436
827 455
827 617
827 620
827 637
827 721
827 747
827 793
827 922
827 972
828 35
828 85
828 164
828 206
828 379
828 449
828 755
828 771
828 791
828 937
829 69
829 100
829 105
829 126
829 267
829 310
829 583
829 677
829 783
829 900
830 384
830 422
830 424
830 523
830 572
830 573
830 597
830 647
830 672
830 806
831 126
831 177
831 364
831 371
831 476
831 502
831 775
831 875
831 954
832 5
832 96
832 273
832 314
832 789
832 851
832 872
832 903
832 965
833 105
833 302
833 383
833 437
833 447
833 481
833 553
833 698
833 741
833 857
833 860
834 38
834 147
834 190
834 275
834 480
834 512
834 550
834 588
834 683
834 700
834 898
834 941
835 31
835 110
835 132
835 252
835 380
835 440
835 462
835 583
835 672
835 910
835 985
836 168
836 402
836 555
836 613
836 751
836 939
837 64
837 106
837 202
837 234
837 929
837 968
838 146
838 190
838 276
838 396
838 455
838 626
838 670
838 734
838 768
838 1000
839 39
839 72
839 256
839 432
839 453
839 476
840 5
840 52
840 57
840 293
840 324
840 397
840 592
840 628
840 750
840 751
840 756
840 763
840 827
841 17
841 74
841 334
841 744
841 795
841 867
842 439
842 577
842 582
842 620
842 640
842 711
842 849
842 893
842 929
843 278
843 291
843 313
843 389
843 504
843 509
843 616
843 628
843 801
843 815
843 816
843 930
844 35
844 60
844 213
844 432
844 479
844 690
844 879
844 883
844 917
845 7
845 81
845 104
845 130
845 296
845 420
845 451
845 646
845 659
845 791
846 15
846 36
846 101
846 132
846 176
846 216
846 270
846 444
846 456
846 883
846 968
847 90
847 171
847 269
847 359
847 438
847 446
847 448
847 662
847 874
847 970
848 104
848 115
848 156
848 348
848 473
848 484
848 554
848 600
848 757
848 860
848 984
849 94
849 163
849 168
849 203
849 367
849 389
849 507
849 535
849 639
849 660
849 898
849 960
850 77
850 83
850 335
850 384
850 635
850 707
850 808
850 999
851 63
851 157
851 190
851 203
851 224
851 285
851 532
851 631
851 748
851 894
852 86
852 132
852 147
852 178
852 263
852 475
852 589
852 638
852 647
852 655
852 840
853 40
853 312
853 319
853 323
853 380
853 403
853 449
853 475
853 476
853 606
853 632
853 674
853 801
853 870
853 875
853 939
853 950
854 44
854 148
854 226
854 233
854 253
854 519
854 563
854 601
854 628
854 683
854 684
854 736
854 751
854 791
855 81
855 182
855 257
855 290
855 409
855 410
855 554
855 762
855 890
855 895
855 904
855 922
856 114
856 201
856 256
856 281
856 419
856 432
856 731
856 782
856 895
857 45
857 185
857 191
857 245
857 262
857 301
857 447
857 640
857 901
857 915
857 938
857 984
858 41
858 372
858 425
858 444
858 632
858 780
858 789
858 880
858 931
858 984
858 988
859 56
859 100
859 114
859 240
859 307
859 323
859 324
859 481
859 718
859 734
859 795
860 99
860 196
860 235
860 539
860 566
860 895
860 919
860 927
860 963
861 120
861 235
861 503
861 507
861 717
861 784
861 827
862 218
862 241
862 284
862 349
862 369
862 412
862 570
862 600
862 725
862 867
862 889
863 126
863 218
863 536
863 620
863 651
863 722
863 755
863 756
863 797
863 937
864 28
864 273
864 344
864 609
864 659
864 790
864 998
865 121
865 202
865 375
865 596
865 622
865 662
865 714
865 805
865 824
866 7
866 8
866 157
866 208
866 241
866 247
866 330
866 429
866 508
866 727
866 775
866 816
867 77
867 139
867 357
867 361
867 464
867 480
867 559
867 608
867 629
867 793
867 837
868 61
868 173
868 240
868 273
868 309
868 312
868 388
868 584
868 605
868 646
868 659
868 718
868 876
869 425
869 702
869 755
869 879
869 906
869 965
870 138
870 190
870 469
870 493
870 569
870 603
870 698
870 755
870 837
870 946
871 55
871 228
871 252
871 270
871 337
871 339
871 550
872 3
872 204
872 334
872 378
872 440
872 755
872 851
872 949
873 50
873 185
873 240
873 382
873 543
873 835
873 850
873 894
873 900
874 14
874 21
874 36
874 43
874 98
874 158
874 199
874 237
874 285
874 394
874 455
874 472
874 607
874 808
874 812
874 919
874 983
874 995
874 996
875 5
875 38
875 39
875 149
875 254
875 418
875 471
875 477
875 636
875 637
875 659
875 693
875 695
875 698
875 746
875 756
875 827
875 959
876 35
876 84
876 86
876 171
876 271
876 351
876 426
876 509
876 787
876 870
876 995
877 140
877 180
877 305
877 363
877 426
877 681
877 740
877 971
877 979
878 8
878 39
878 79
878 151
878 160
878 182
878 185
878 287
878 452
878 458
878 506
878 561
878 858
878 972
878 994
879 9
879 70
879 80
879 122
879 128
879 163
879 274
879 277
879 318
879 428
879 550
879 586
879 764
879 936
879 995
880 32
880 34
880 217
880 379
880 383
880 410
880 729
880 759
880 892
881 487
881 632
881 741
882 80
882 130
882 151
882 165
882 166
882 239
882 541
882 607
882 625
882 757
882 758
882 914
883 102
883 139
883 205
883 603
883 689
883 763
883 801
883 865
883 952
884 148
884 345
884 477
884 669
884 674
884 696
884 782
884 823
884 837
884 847
884 924
884 933
884 981
885 105
885 139
885 247
885 273
885 414
885 484
885 699
885 953
885 974
885 981
886 188
886 393
886 610
886 642
886 654
886 701
886 714
886 898
887 91
887 151
887 237
887 426
887 654
887 811
887 821
887 844
887 864
887 899
888 32
888 70
888 132
888 207
888 403
888 675
888 689
888 849
889 30
889 374
889 471
889 635
889 658
889 860
889 882
890 59
890 63
890 92
890 105
890 121
890 248
890 398
890 417
890 549
890 557
890 853
890 874
891 112
891 421
891 760
891 774
891 964
892 303
892 687
892 711
892 765
892 800
893 8
893 150
893 330
893 372
893 566
893 676
893 716
893 913
893 948
894 66
894 165
894 408
894 442
894 443
894 481
894 761
894 904
894 947
894 948
895 173
895 317
895 554
895 577
895 802
895 860
895 869
896 94
896 272
896 280
896 449
896 453
896 472
896 623
896 686
896 737
896 801
896 890
896 947
897 399
897 407
897 482
897 779
897 909
897 919
897 964
898 37
898 187
898 188
898 229
898 491
898 759
898 825
898 985
898 997
899 61
899 121
899 185
899 199
899 319
899 327
899 507
899 583
899 693
899 808
899 858
899 915
899 917
900 4
900 35
900 93
900 175
900 194
900 216
900 324
900 393
900 746
900 817
900 914
900 938
901 10
901 17
901 76
901 84
901 97
901 342
901 362
901 405
901 533
901 591
901 750
901 839
901 919
902 69
902 278
902 291
902 418
902 422
902 495
902 655
902 685
902 892
903 9
903 207
903 234
903 251
903 262
903 439
903 515
903 573
903 633
903 736
903 891
903 914
904 12
904 26
904 55
904 105
904 138
904 256
904 659
904 841
904 938
904 958
905 38
905 194
905 301
905 395
905 474
905 478
905 638
905 719
905 804
905 894
905 942
906 430
906 580
907 19
907 61
907 71
907 112
907 167
907 202
907 271
907 497
907 508
907 726
907 754
908 17
908 293
908 466
908 519
908 616
908 696
908 777
908 883
908 955
909 39
909 140
909 192
909 219
909 225
909 326
909 413
909 531
909 650
909 783
910 13
910 177
910 284
910 396
910 448
910 479
910 539
910 699
910 700
910 733
910 835
911 11
911 23
911 113
911 229
911 296
911 511
911 517
911 527
911 542
911 563
911 623
911 707
911 734
911 781
912 19
912 67
912 74
912 237
912 333
912 372
912 421
912 759
912 927
913 23
913 33
913 72
913 341
913 344
913 356
913 379
913 483
913 520
913 799
913 800
913 977
914 38
914 49
914 54
914 143
914 172
914 334
914 338
914 406
914 416
914 560
914 643
914 672
914 870
914 946
914 986
914 995
915 193
915 214
915 287
915 292
915 459
915 518
915 705
915 761
915 863
915 882
915 924
915 935
915 983
916 60
916 67
916 75
916 94
916 264
916 308
916 626
916 667
916 882
916 890
917 5
917 343
917 369
917 741
918 256
918 359
918 442
918 488
918 548
918 616
918 621
918 650
918 651
918 717
918 811
918 830
919 44
919 45
919 188
919 243
919 321
919 406
919 622
919 634
919 639
919 657
919 952
919 955
920 125
920 202
920 330
920 448
920 470
920 580
920 645
920 705
920 765
920 843
921 45
921 94
921 178
921 221
921 364
921 378
921 380
921 512
921 611
921 728
921 760
921 859
921 972
922 11
922 50
922 52
922 159
922 199
922 208
922 714
922 746
922 756
922 778
922 798
922 855
923 25
923 170
923 182
923 236
923 313
923 402
923 420
923 431
923 441
923 519
923 552
923 587
923 773
923 849
924 195
924 241
924 343
924 397
924 446
924 450
924 507
924 758
924 832
924 918
924 990
925 132
925 243
925 473
925 502
925 801
925 939
925 991
926 73
926 180
926 372
926 388
926 614
926 746
926 946
927 63
927 91
927 101
927 136
927 225
927 245
927 291
927 431
927 575
927 671
927 680
927 698
927 911
928 118
928 156
928 198
928 440
928 590
928 735
928 833
928 908
928 915
929 125
929 508
929 555
929 579
929 602
929 796
929 912
929 958
930 23
930 129
930 166
930 391
930 503
930 686
930 836
930 896
930 912
930 994
931 2
931 243
931 250
931 419
931 442
931 478
931 570
931 596
931 842
931 997
932 17
932 114
932 197
932 496
932 513
932 538
932 628
932 739
932 865
933 58
933 177
933 230
933 310
933 314
933 787
933 802
933 822
934 94
934 134
934 146
934 210
934 349
934 358
934 945
935 351
935 421
935 434
935 465
935 487
935 533
935 549
935 615
935 688
935 724
935 827
935 882
935 895
935 945
936 97
936 831
936 862
936 915
936 989
936 1000
937 7
937 17
937 66
937 101
937 126
937 155
937 159
937 279
937 303
937 394
937 411
937 504
937 533
937 608
937 615
937 728
937 890
937 997
938 67
938 106
938 219
938 278
938 371
938 469
938 514
938 575
939 227
939 375
939 378
939 412
939 443
939 458
939 533
939 668
939 722
939 820
939 860
939 919
939 968
939 969
939 979
940 440
940 447
940 542
940 832
941 80
941 168
941 438
941 492
941 524
941 773
941 925
942 35
942 60
942 116
942 167
942 180
942 288
942 300
942 376
942 378
942 523
942 629
942 640
942 746
943 12
943 84
943 136
943 160
943 193
943 210
943 275
943 385
943 419
943 509
943 591
943 609
943 753
943 847
944 41
944 290
944 571
944 621
944 904
945 23
945 34
945 312
945 317
945 576
945 598
945 663
945 798
945 930
945 992
946 34
946 105
946 189
946 375
946 498
946 519
946 601
946 764
946 780
946 870
946 887
946 914
947 26
947 82
947 202
947 271
947 382
947 399
947 470
947 471
947 697
947 712
947 725
947 741
947 769
947 882
947 922
948 85
948 273
948 347
948 350
948 364
948 444
948 746
949 8
949 17
949 150
949 210
949 224
949 356
949 392
949 399
949 511
949 551
949 577
949 744
949 787
949 969
950 87
950 139
950 178
950 179
950 352
950 441
950 642
950 660
950 718
950 782
950 820
950 842
950 878
950 896
950 907
950 929
950 972
951 22
951 211
951 222
951 261
951 350
951 370
951 408
951 410
951 485
951 523
951 574
951 585
951 604
951 641
951 737
951 989
952 31
952 263
952 572
952 746
952 823
952 870
953 56
953 66
953 172
953 334
953 343
953 470
953 478
953 538
953 633
953 767
953 826
953 832
953 834
953 870
954 46
954 58
954 71
954 89
954 93
954 111
954 128
954 209
954 387
954 469
954 518
954 608
954 850
954 991
955 21
955 122
955 278
955 286
955 354
955 389
955 539
955 544
955 564
955 680
955 724
955 725
956 245
956 254
956 638
956 640
956 718
956 865
956 911
956 950
957 39
957 179
957 192
957 390
957 414
957 617
957 911
957 926
958 2
958 35
958 305
958 381
958 440
958 648
958 800
958 810
958 912
959 21
959 91
959 123
959 187
959 231
959 412
959 505
959 543
959 689
959 892
959 912
960 35
960 154
960 430
960 530
960 550
960 568
960 656
960 691
960 755
960 890
960 985
961 379
961 451
961 499
961 688
961 711
961 846
962 123
962 250
962 263
962 289
962 360
962 464
962 540
962 638
962 667
962 861
962 868
963 110
963 308
963 419
963 557
963 563
963 569
963 635
963 665
963 687
963 709
963 751
963 772
963 851
963 878
964 87
964 165
964 203
964 290
964 295
964 322
964 361
964 375
964 418
964 845
964 992
965 82
965 113
965 143
965 191
965 203
965 214
965 246
965 313
965 345
965 749
965 751
965 765
965 817
965 873
965 994
966 125
966 192
966 241
966 264
966 360
966 373
966 495
966 540
966 817
967 137
967 480
967 600
967 650
967 686
967 731
967 872
968 110
968 175
968 204
968 313
968 382
968 592
968 697
968 766
968 780
969 48
969 120
969 179
969 274
969 316
969 451
969 523
969 653
969 905
969 910
969 917
969 954
970 95
970 289
970 337
970 432
970 737
970 800
971 16
971 78
971 146
971 186
971 212
971 297
971 456
971 493
971 607
971 701
971 866
971 901
972 117
972 149
972 221
972 276
972 335
972 346
972 549
972 690
972 743
972 954
973 297
973 473
973 504
973 514
973 896
973 939
973 941
974 44
974 136
974 236
974 340
974 413
974 518
974 540
974 688
975 27
975 63
975 114
975 115
975 122
975 141
975 177
975 285
975 722
975 751
975 810
975 853
976 260
976 292
976 403
976 439
976 476
976 580
976 678
976 734
976 805
976 837
976 984
976 987
977 27
977 42
977 243
977 327
977 454
977 549
977 589
977 696
977 792
978 163
978 441
978 561
978 789
978 867
979 48
979 96
979 320
979 321
979 407
979 532
979 587
979 611
979 845
979 952
980 3
980 30
980 82
980 186
980 187
980 200
980 234
980 335
980 432
980 636
980 666
980 687
980 710
980 797
981 59
981 181
981 306
981 393
981 457
981 650
981 682
981 710
981 800
981 816
982 71
982 82
982 204
982 239
982 442
982 469
982 523
982 662
982 689
982 886
983 100
983 495
983 620
983 817
984 34
984 57
984 221
984 349
984 386
984 429
984 476
984 553
984 664
984 834
984 924
984 938
985 151
985 395
985 421
985 430
985 524
985 577
985 626
985 628
985 670
985 719
985 885
985 969
986 7
986 527
986 532
986 882
986 920
986 927
987 174
987 219
987 543
987 555
987 620
987 869
987 910
988 36
988 89
988 106
988 107
988 153
988 163
988 397
988 506
988 591
988 638
988 659
988 747
989 37
989 39
989 414
989 424
989 713
989 909
989 914
989 935
990 57
990 109
990 220
990 322
990 349
990 408
990 549
990 646
990 743
990 775
991 133
991 193
991 208
991 346
991 376
991 507
991 537
991 825
991 904
991 977
992 246
992 264
992 542
992 610
992 846
993 85
993 222
993 400
993 458
993 531
993 565
993 753
993 870
993 929
994 103
994 157
994 288
994 387
994 421
994 459
994 497
994 578
994 704
994 913
995 243
995 259
995 277
995 290
995 363
995 441
995 568
995 830
995 840
996 200
996 314
996 351
996 391
996 425
996 503
996 519
996 540
996 631
997 4
997 36
997 78
997 144
997 376
997 459
997 469
997 502
997 757
998 148
998 297
998 374
998 414
998 675
998 885
998 907
998 952
999 46
999 93
999 315
999 379
999 478
999 486
999 503
999 520
999 546
999 583
999 590
999 606
999 903
999 940
1000 8
1000 10
1000 76
1000 90
1000 115
1000 151
1000 453
1000 492
1000 585
1000 651
1000 779
1000 878
